TIME(MS),COMMAND,VALUE
000000,1,0
000000,2,0
000000,3,0
000000,4,0
000000,5,0
000000,6,0
000000,7,0
000000,8,0
000943,6,1
001215,6,0
001391,7,1
001847,7,0
001951,8,1
002503,8,0
002623,6,1
003191,6,0
003295,7,1
003839,7,0
003959,8,1
004447,8,0
004583,6,1
005047,6,0
005223,7,1
005871,7,0
005903,8,1
006519,8,0
006527,6,1
007207,7,1
007215,6,0
007879,8,1
007887,7,0
008519,6,1
008535,8,0
009183,7,1
009223,6,0
009855,8,1
009887,7,0
010519,6,1
010559,8,0
010880,5,1
011008,5,0
011167,7,1
011199,6,0
011232,5,1
011552,1,1
011608,5,0
011720,1,0
011791,8,1
011823,7,0
011920,1,1
012208,2,1
012320,1,0
012368,3,1
012423,6,1
012424,2,0
012439,8,0
012744,4,1
012792,3,0
013064,5,1
013087,7,1
013088,4,0
013095,6,0
013400,5,0
013528,5,1
013752,5,0
013767,8,1
013799,7,0
013856,5,1
014000,5,0
014176,5,1
014432,4,1
014439,6,1
014495,8,0
014504,5,0
014704,3,1
014776,4,0
015056,2,1
015063,7,1
015071,6,0
015120,3,0
015208,1,1
015256,2,0
015719,8,1
015743,7,0
015752,1,0
016144,5,1
016304,5,0
016375,6,1
016391,8,0
016472,5,1
016736,1,1
016792,5,0
016928,1,0
017031,7,1
017039,6,0
017096,1,1
017440,2,1
017536,1,0
017711,8,1
017727,7,0
017856,3,1
017912,2,0
018160,4,1
018248,3,0
018319,6,1
018336,5,1
018343,8,0
018392,4,0
018576,5,0
018800,5,1
018960,5,0
018999,7,1
019026,6,0
019088,5,1
019448,4,1
019512,5,0
019616,3,1
019681,4,0
019727,8,1
019742,7,0
020008,2,1
020050,3,0
020351,6,1
020384,1,1
020391,8,0
020400,2,0
020816,1,0
021039,7,1
021047,6,0
021256,5,1
021600,4,1
021607,5,0
021687,8,1
021718,7,0
021872,5,1
021919,4,0
022056,4,1
022103,5,0
022359,6,1
022383,8,0
022440,3,1
022479,4,0
022912,2,1
022967,3,0
023015,7,1
023046,6,0
023224,1,1
023249,2,0
023416,2,1
023488,1,0
023647,8,1
023665,7,0
023872,3,1
023903,2,0
024200,4,1
024263,3,0
024319,6,1
024334,8,0
024520,5,1
024543,4,0
024768,4,1
024831,5,0
025015,7,1
025038,6,0
025080,3,1
025111,4,0
025440,2,1
025487,3,0
025630,8,1
025654,7,0
025911,2,0
026230,6,1
026266,8,0
026507,5,1
026666,5,0
026787,4,1
026875,3,1
026899,2,1
026927,7,1
026954,3,0
026962,4,0
026974,6,0
027356,1,1
027418,2,0
027599,8,1
027622,7,0
027651,1,0
027811,1,1
027947,1,0
028139,1,1
028238,6,1
028278,8,0
028427,2,1
028482,1,0
028795,3,1
028842,2,0
028903,7,1
028942,6,0
029115,4,1
029178,3,0
029442,4,0
029451,5,1
029582,8,1
029598,7,0
029794,5,0
030235,1,1
030271,6,1
030310,8,0
030355,3,1
030418,1,0
030554,5,1
030578,3,0
030763,1,1
030802,5,0
030935,7,1
030959,6,0
031210,1,0
031614,8,1
031638,7,0
031739,5,1
031906,5,0
032075,4,1
032155,3,1
032190,6,1
032203,2,1
032230,8,0
032234,4,0
032266,3,0
032643,1,1
032658,2,0
032814,6,0
032854,7,1
032866,1,0
033075,1,1
033210,1,0
033403,1,1
033494,8,1
033526,7,0
033699,2,1
033714,1,0
034043,3,1
034082,2,0
034134,6,1
034158,8,0
034354,4,1
034405,3,0
034698,4,0
034707,5,1
034798,7,1
034806,6,0
035034,5,0
035494,8,1
035502,7,0
036158,6,1
036182,8,0
036870,7,1
036910,6,0
037462,8,1
037486,7,0
038078,6,1
038142,8,0
038750,7,1
038774,6,0
039438,8,1
039446,7,0
040000,5,1
040102,6,1
040126,8,0
040136,5,0
040216,5,1
040552,5,0
040560,1,1
040696,1,0
040766,7,1
040782,6,0
040872,1,1
041152,2,1
041199,1,0
041360,3,1
041416,2,0
041438,8,1
041470,7,0
041816,4,1
041888,3,0
042056,5,1
042086,6,1
042102,8,0
042103,4,0
042288,5,0
042472,5,1
042656,5,0
042726,7,1
042758,6,0
042808,5,1
043144,4,1
043216,5,0
043352,3,1
043398,8,1
043415,4,0
043422,7,0
043680,2,1
043711,3,0
044038,6,1
044056,1,1
044078,8,0
044087,2,0
044592,1,0
044678,7,1
044718,6,0
045088,5,1
045280,5,0
045358,8,1
045366,7,0
045464,5,1
045792,1,1
045848,5,0
045911,1,0
046006,6,1
046054,8,0
046120,1,1
046424,2,1
046480,1,0
046600,3,1
046670,7,1
046710,6,0
046712,2,0
047040,4,1
047112,3,0
047302,8,1
047326,7,0
047352,5,1
047392,4,0
047616,5,0
047752,5,1
047944,5,0
047966,6,1
048006,8,0
048096,5,1
048424,4,1
048495,5,0
048632,3,1
048670,7,1
048688,4,0
048694,6,0
049176,2,1
049200,3,0
049390,8,1
049430,7,0
049432,1,1
049480,2,0
049943,1,0
049982,6,1
050022,8,0
050304,5,1
050607,4,1
050647,5,0
050670,7,1
050686,6,0
050903,5,1
050951,4,0
051135,4,1
051191,5,0
051326,8,1
051350,7,0
051519,3,1
051535,4,0
051879,2,1
051903,3,0
051950,6,1
051982,8,0
052191,1,1
052207,2,0
052487,2,1
052527,1,0
052590,7,1
052638,6,0
052935,3,1
052991,2,0
053302,8,1
053326,7,0
053343,4,1
053391,3,0
053631,5,1
053663,4,0
053775,4,1
053855,5,0
053950,6,1
053966,8,0
054119,3,1
054127,4,0
054439,2,1
054471,3,0
054582,7,1
054622,6,0
054823,2,0
055254,8,1
055270,7,0
055498,5,1
055650,5,0
055787,4,1
055866,3,1
055906,2,1
055926,6,1
055946,4,0
055958,8,0
055970,3,0
056339,1,1
056370,2,0
056590,7,1
056594,1,0
056638,6,0
056762,1,1
056874,1,0
057075,1,1
057174,8,1
057182,7,0
057354,2,1
057410,1,0
057707,3,1
057746,2,0
057806,6,1
057838,8,0
058010,4,1
058082,3,0
058338,4,0
058362,5,1
058494,7,1
058502,6,0
058706,5,0
059131,1,1
059166,8,1
059198,7,0
059266,3,1
059314,1,0
059450,5,1
059490,3,0
059610,1,1
059634,5,0
059830,6,1
059878,8,0
060034,1,0
060392,6,0
060392,6,1
060454,7,1
060462,6,0
060666,5,1
060866,5,0
060970,4,1
061050,3,1
061070,8,1
061090,2,1
061118,7,0
061130,3,0
061138,4,0
061506,2,0
061514,1,1
061738,1,0
061745,6,1
061782,8,0
061930,1,1
062090,1,0
062242,1,1
062350,7,1
062374,6,0
062546,2,1
062626,1,0
062906,3,1
062946,2,0
063022,8,1
063046,7,0
063218,4,1
063258,3,0
063570,4,0
063578,5,1
063638,6,1
063686,8,0
063818,5,0
064334,7,1
064374,6,0
065022,8,1
065046,7,0
065678,6,1
065718,8,0
066302,7,1
066310,6,0
066349,5,1
066950,8,1
066982,7,0
067629,4,1
067670,6,1
067686,8,0
067717,3,1
067724,5,0
067748,4,0
068318,7,1
068342,6,0
068732,3,0
068813,1,1
068926,8,1
068966,7,0
069630,6,1
069678,8,0
069692,1,0
069885,1,1
070004,1,0
070189,1,1
070222,7,1
070253,6,0
070645,3,1
070676,1,0
070894,8,1
070918,7,0
071044,3,0
071525,1,1
071526,6,1
071574,8,0
072286,7,1
072342,6,0
072444,2,1
072484,1,0
072789,1,1
072812,2,0
072846,8,1
072861,7,0
073292,1,0
073455,6,1
073526,8,0
074134,7,1
074141,1,1
074190,6,0
074822,8,1
074869,7,0
075108,3,1
075132,1,0
075428,3,0
075437,1,1
075478,6,1
075558,8,0
076134,7,1
076165,6,0
076172,2,1
076199,1,0
076806,8,1
076836,1,1
076862,7,0
076884,2,0
077446,6,1
077477,8,0
077708,1,0
077900,2,1
078110,7,1
078141,6,0
078172,2,0
078180,1,1
078540,1,0
078806,8,1
078829,7,0
079470,6,1
079517,8,0
079539,5,1
079938,5,0
080102,7,1
080149,6,0
080163,5,1
080758,8,1
080797,7,0
080843,5,0
080883,4,1
081315,4,0
081406,6,1
081461,8,0
081563,4,1
082062,7,1
082101,6,0
082179,3,1
082194,4,0
082726,8,1
082773,7,0
082827,3,0
083139,3,1
083413,6,1
083467,2,1
083477,8,0
083587,3,0
083611,1,1
083666,2,0
083826,1,0
084027,1,1
084029,7,1
084077,6,0
084179,2,1
084290,1,0
084491,3,1
084538,2,0
084560,7,0
084560,7,1
084707,3,0
084750,8,1
084773,7,0
084899,3,1
085331,1,1
085362,3,0
085413,6,1
085445,8,0
085490,1,0
085699,1,1
085835,2,1
085914,1,0
086054,7,1
086093,6,0
086219,3,1
086274,2,0
086701,8,1
086757,7,0
087003,4,1
087034,3,0
087299,4,0
087357,6,1
087405,8,0
087435,5,1
087667,5,0
088046,7,1
088085,6,0
088733,8,1
088765,7,0
089325,8,0
089325,8,1
089365,6,1
089437,8,0
089989,7,1
090037,6,0
090677,8,1
090717,7,0
091350,6,1
091397,8,0
092005,7,1
092053,6,0
092613,7,0
092720,3,1
092888,1,1
092944,3,0
093560,1,0
093800,2,1
094064,2,0
094120,3,1
094496,3,0
095032,5,1
095248,5,0
095424,4,1
095896,3,1
095928,4,0
096144,2,1
096200,3,0
096344,3,1
096384,2,0
096744,3,0
096992,3,1
097680,3,0
098456,3,1
098584,1,1
098680,3,0
099224,2,1
099280,1,0
099512,3,1
099560,2,0
099928,3,0
100392,5,1
100664,5,0
100760,4,1
101288,4,0
101320,2,1
101488,3,1
101568,2,0
101768,3,0
101976,3,1
102440,3,0
103324,5,1
103460,4,1
103524,5,0
104004,4,0
104215,4,1
104596,3,1
104612,4,0
105004,3,0
105276,3,1
105692,3,0
105924,2,1
105965,6,1
106548,2,0
106677,7,1
106704,6,0
106815,2,1
107260,1,1
107276,2,0
107293,8,1
107309,7,0
107796,1,0
107868,1,1
107925,6,1
107981,8,0
108044,2,1
108116,1,0
108308,3,1
108348,2,0
108532,3,0
108597,7,1
108604,5,1
108645,6,0
109004,5,0
109076,1,1
109305,8,1
109341,7,0
109380,2,1
109452,1,0
109564,3,1
109684,2,0
109796,3,0
109868,3,1
109885,6,1
109933,8,0
110525,7,1
110573,6,0
110652,3,0
110676,4,1
110916,4,0
111052,5,1
111189,8,1
111221,7,0
111356,5,0
111861,6,1
111905,8,0
112509,7,1
112533,6,0
113125,8,1
113149,7,0
113805,6,1
113821,8,0
113948,5,1
114461,7,1
114509,6,0
115068,4,1
115140,5,0
115149,8,1
115188,3,1
115197,7,0
115276,4,0
115757,6,1
115829,8,0
116356,1,1
116372,3,0
116381,7,1
116405,6,0
117029,8,1
117069,7,0
117172,1,0
117340,1,1
117476,1,0
117652,1,1
117693,6,1
117733,8,0
118140,3,1
118148,1,0
118373,7,1
118397,6,0
118500,3,0
119005,8,1
119037,7,0
119172,1,1
119669,6,1
119725,8,0
119908,2,1
119956,1,0
120236,2,0
120244,1,1
120269,7,1
120309,6,0
120692,1,0
120901,8,1
120973,7,0
121572,1,1
121581,6,1
121653,8,0
122189,7,1
122229,6,0
122348,1,0
122508,1,1
122628,1,0
122812,1,1
122917,8,1
122949,7,0
123404,1,0
123460,2,1
123524,2,0
123556,3,1
123557,6,1
123605,8,0
124124,2,1
124132,3,0
124173,7,1
124229,6,0
124829,8,1
124853,7,0
125084,3,1
125124,2,0
125364,3,0
125412,1,1
125466,6,1
125517,8,0
125828,1,0
126117,7,1
126189,6,0
126821,8,1
126869,7,0
126946,5,1
127330,5,0
127477,6,1
127517,8,0
127570,5,1
128125,7,1
128173,6,0
128202,4,1
128210,5,0
128690,4,0
128749,8,1
128789,7,0
128906,4,1
129413,6,1
129418,4,0
129477,8,0
129538,3,1
130061,7,1
130109,6,0
130194,3,0
130490,3,1
130765,8,1
130786,2,1
130821,7,0
130834,3,0
130930,1,1
131018,2,0
131106,1,0
131306,1,1
131357,6,1
131405,8,0
131458,2,1
131562,1,0
131794,2,0
131802,3,1
131938,3,0
132029,7,1
132069,6,0
132170,3,1
132562,1,1
132610,3,0
132698,1,0
132725,8,1
132749,7,0
132946,1,1
133098,2,1
133162,1,0
133341,6,1
133381,8,0
133458,3,1
133474,2,0
133714,3,0
133989,7,1
133997,6,0
134250,4,1
134562,4,0
134645,8,1
134653,7,0
134682,5,1
134906,5,0
135309,8,0
135317,6,1
135917,6,0
135949,7,1
136549,8,1
136605,7,0
137213,6,1
137253,8,0
137893,7,1
137957,6,0
138509,8,1
138541,7,0
139181,6,1
139221,8,0
139781,6,0
139992,3,1
140136,1,1
140168,3,0
140848,1,0
140904,2,1
141248,2,0
141256,3,1
141672,3,0
142176,5,1
142592,4,1
142600,5,0
143184,2,1
143208,4,0
143384,3,1
143440,2,0
143608,3,0
143760,3,1
144360,3,0
145208,3,1
145392,1,1
145448,3,0
146192,2,1
146240,1,0
146552,3,1
146576,2,0
147016,3,0
147504,5,1
147824,5,0
147920,4,1
148344,4,0
148424,2,1
148808,3,1
148864,2,0
149000,3,0
149168,3,1
149656,3,0
150420,5,1
150532,4,1
150533,6,1
150612,5,0
151068,4,0
151221,7,1
151245,6,0
151268,4,1
151636,3,1
151660,4,0
151821,8,1
151853,7,0
152172,3,0
152364,3,1
152453,6,1
152485,8,0
152772,3,0
153076,3,1
153093,7,1
153157,6,0
153212,2,1
153308,3,0
153772,2,0
153797,8,1
153805,7,0
153988,2,1
154348,1,1
154396,2,0
154437,6,1
154477,8,0
154724,1,0
154860,1,1
154996,2,1
155085,7,1
155092,1,0
155093,6,0
155284,3,1
155324,2,0
155532,3,0
155628,5,1
155733,8,1
155765,7,0
156060,5,0
156092,1,1
156397,6,1
156437,8,0
156460,2,1
156500,1,0
156604,3,1
156660,2,0
156748,3,0
156924,3,1
157005,7,1
157013,6,0
157388,3,0
157685,8,1
157717,7,0
157756,4,1
158068,4,0
158204,5,1
158317,6,1
158333,8,0
158660,5,0
158981,7,1
159021,6,0
159653,8,1
159685,7,0
160277,6,1
160309,8,0
160909,5,1
160917,7,1
160957,6,0
161573,8,1
161597,7,0
162188,4,1
162205,6,1
162245,8,0
162276,5,0
162292,3,1
162356,4,0
162853,7,1
162884,6,0
163124,3,0
163404,1,1
163509,8,1
163517,7,0
164133,6,1
164149,8,0
164244,1,0
164364,1,1
164508,1,0
164692,1,1
164765,7,1
164805,6,0
165124,3,1
165156,1,0
165389,8,1
165413,7,0
165572,3,0
166045,6,1
166085,8,0
166100,1,1
166677,7,1
166704,6,0
166972,3,1
166980,1,0
167308,2,1
167316,3,0
167333,8,1
167364,7,0
167804,2,0
167965,6,1
168005,8,0
168556,1,1
168645,7,1
168653,6,0
169293,8,1
169317,7,0
169508,1,0
169532,3,1
169788,3,0
169796,1,1
169957,6,1
169988,8,0
170508,2,1
170516,1,0
170597,7,1
170644,6,0
171164,3,1
171220,2,0
171229,8,1
171269,7,0
171917,6,1
171989,8,0
172084,2,1
172116,3,0
172429,6,0
172429,7,1
172444,1,1
172484,2,0
172852,1,0
173085,8,1
173093,7,0
173780,8,0
173789,6,1
173898,5,1
174226,5,0
174429,7,1
174485,6,0
174490,5,1
174994,5,0
175085,8,1
175093,7,0
175122,4,1
175562,4,0
175693,6,1
175724,8,0
175770,4,1
176341,7,1
176370,4,0
176388,6,0
176466,3,1
176997,8,1
177021,7,0
177026,3,0
177378,3,1
177522,3,0
177629,6,1
177669,8,0
177706,2,1
177874,1,1
177994,2,0
178114,1,0
178261,7,1
178276,6,0
178290,1,1
178402,2,1
178506,1,0
178706,3,1
178722,2,0
178850,3,0
178957,8,1
178965,7,0
179026,3,1
179490,3,0
179498,1,1
179597,8,0
179605,6,1
179698,1,0
179866,1,1
180002,2,1
180098,1,0
180180,7,1
180196,6,0
180218,2,0
180370,3,1
180714,3,0
180773,8,1
180804,7,0
181130,4,1
181306,4,0
181413,6,1
181444,8,0
181458,5,1
181738,5,0
182109,7,1
182133,6,0
182773,8,1
182796,7,0
183389,6,1
183429,8,0
184021,7,1
184052,6,0
184645,8,1
184676,7,0
185309,6,1
185332,8,0
185949,7,1
185996,6,0
186636,8,1
186668,7,0
187237,6,1
187292,8,0
187941,7,1
187988,6,0
188485,8,1
188516,7,0
189124,8,0
189133,6,1
189804,7,1
189820,6,0
190412,8,1
190436,7,0
191045,6,1
191068,8,0
191709,7,1
191740,6,0
192357,8,1
192380,7,0
193005,6,1
193044,8,0
193620,7,1
193660,6,0
194293,8,1
194340,7,0
194949,6,1
194988,8,0
195540,7,1
195604,6,0
196205,8,1
196276,7,0
196900,6,1
196956,8,0
197517,7,1
197564,6,0
198164,8,1
198212,7,0
198765,6,1
198812,8,0
199389,7,1
199452,6,0
200069,8,1
200100,7,0
200717,6,1
200748,8,0
201332,7,1
201388,6,0
201989,8,1
202052,7,0
202700,8,0
202708,6,1
203316,7,1
203348,6,0
203909,8,1
203948,7,0
204572,6,1
204612,8,0
205269,7,1
205340,6,0
205957,7,0
