TIME(MS),COMMAND,VALUE
000550,5,1
000750,4,1
000750,5,0
000900,1,1
000900,4,0
001100,1,0
001100,5,1
001300,4,1
001300,5,0
001450,1,1
001450,4,0
001800,7,1
001900,1,0
001900,5,1
002300,3,1
002300,5,0
002500,2,1
002500,3,0
002550,6,1
002550,7,0
002650,2,0
002650,5,1
002850,3,1
002850,5,0
003050,2,1
003050,3,0
003250,6,0
003250,8,1
003400,2,0
003400,5,1
003750,3,1
003750,5,0
004000,1,1
004000,3,0
004000,7,1
004000,8,0
004150,1,0
004150,5,1
004350,3,1
004350,5,0
004550,1,1
004550,3,0
004750,6,1
004750,7,0
004900,1,0
004900,5,1
005300,3,1
005300,5,0
005500,2,1
005500,3,0
005500,6,0
005500,8,1
005650,2,0
005650,5,1
005800,3,1
005800,5,0
006000,2,1
006000,3,0
006250,7,1
006250,8,0
006400,2,0
006400,3,1
006400,5,1
006800,2,1
006800,3,0
006800,4,1
006800,5,0
007000,1,1
007000,2,0
007000,3,1
007000,4,0
007000,6,1
007000,7,0
007200,1,0
007200,3,0
007350,1,1
007350,3,1
007500,1,0
007500,2,1
007500,3,0
007500,4,1
007700,2,0
007700,3,1
007700,4,0
007700,5,1
007750,6,0
007750,8,1
008100,2,1
008100,3,0
008100,4,1
008100,5,0
008500,7,1
008500,8,0
008600,2,0
008600,3,1
008600,4,0
008600,5,1
009250,3,0
009250,5,0
009250,6,1
009250,7,0
009400,3,1
009400,5,1
009800,2,1
009800,3,0
009800,4,1
009800,5,0
009950,6,0
009950,8,1
010000,1,1
010000,2,0
010000,3,1
010000,4,0
010150,1,0
010150,3,0
010300,1,1
010300,3,1
010700,7,1
010700,8,0
011400,6,1
011400,7,0
012150,6,0
012150,8,1
012200,1,0
012200,3,0
012350,3,1
012350,5,1
012700,2,1
012700,3,0
012700,4,1
012700,5,0
012850,7,1
012850,8,0
012900,1,1
012900,2,0
012900,3,1
012900,4,0
013150,1,0
013150,3,0
013250,1,1
013250,3,1
013450,1,0
013450,2,1
013450,3,0
013450,4,1
013600,2,0
013600,3,1
013600,4,0
013600,5,1
013600,6,1
013600,7,0
013950,2,1
013950,3,0
013950,4,1
013950,5,0
014300,6,0
014300,8,1
014500,2,0
014500,3,1
014500,4,0
014500,5,1
015050,7,1
015050,8,0
015200,3,0
015200,5,0
015250,2,1
015250,4,1
015800,6,1
015800,7,0
015850,2,0
015850,4,0
015950,1,1
015950,4,1
016100,1,0
016100,4,0
016150,1,1
016150,4,1
016550,6,0
016550,8,1
017250,7,1
017250,8,0
018000,6,1
018000,7,0
018050,1,0
018050,4,0
018200,3,1
018200,5,1
018750,6,0
018750,8,1
018900,2,1
018900,3,0
018900,4,1
018900,5,0
019000,2,0
019000,4,0
019100,2,1
019100,4,1
019450,7,1
019450,8,0
020200,6,1
020200,7,0
020900,6,0
020900,8,1
021000,2,0
021000,4,0
021150,3,1
021150,5,1
021450,2,1
021450,3,0
021450,4,1
021450,5,0
021650,1,1
021650,2,0
021650,3,1
021650,4,0
021650,7,1
021650,8,0
021900,1,0
021900,3,0
022000,1,1
022000,3,1
022200,1,0
022200,2,1
022200,3,0
022200,4,1
022400,2,0
022400,3,1
022400,4,0
022400,5,1
022400,6,1
022400,7,0
022800,2,1
022800,3,0
022800,4,1
022800,5,0
023100,6,0
023100,8,1
023250,2,0
023250,3,1
023250,4,0
023250,5,1
023850,3,0
023850,5,0
023900,7,1
023900,8,0
024000,3,1
024000,5,1
024400,2,1
024400,3,0
024400,4,1
024400,5,0
024550,6,1
024550,7,0
024600,1,1
024600,2,0
024600,3,1
024600,4,0
024800,1,0
024800,3,0
024950,1,1
024950,3,1
025250,6,0
025250,8,1
025950,7,1
025950,8,0
026700,6,1
026700,7,0
026800,1,0
026800,3,0
026950,3,1
026950,5,1
027350,2,1
027350,3,0
027350,4,1
027350,5,0
027500,1,1
027500,2,0
027500,3,1
027500,4,0
027500,6,0
027500,8,1
027750,1,0
027750,3,0
027850,1,1
027850,3,1
028050,1,0
028050,2,1
028050,3,0
028050,4,1
028250,2,0
028250,3,1
028250,4,0
028250,5,1
028250,7,1
028250,8,0
028550,2,1
028550,3,0
028550,4,1
028550,5,0
028950,6,1
028950,7,0
029100,2,0
029100,3,1
029100,4,0
029100,5,1
029700,6,0
029700,8,1
029800,2,1
029800,3,0
029800,4,1
029800,5,0
030400,2,0
030400,4,0
030400,7,1
030400,8,0
030550,1,1
030550,4,1
030650,1,0
030650,4,0
030750,1,1
030750,4,1
031150,6,1
031150,7,0
031850,6,0
031850,8,1
032600,1,0
032600,4,0
032650,7,1
032650,8,0
032750,3,1
032750,5,1
033300,6,1
033300,7,0
033500,2,1
033500,3,0
033500,4,1
033500,5,0
033600,2,0
033600,4,0
033700,2,1
033700,4,1
034050,6,0
034050,8,1
034800,7,1
034800,8,0
035500,6,1
035500,7,0
035650,2,0
035650,4,0
035650,6,0
035900,6,1
036050,7,1
036250,8,1
036500,1,1
036500,2,1
036500,3,1
036500,4,1
036500,5,1
036500,6,0
036500,7,0
036500,8,0
036750,1,0
036750,2,0
036750,3,0
036750,4,0
036750,5,0
036900,5,1
036900,6,1
037000,4,1
037000,5,0
037100,3,1
037100,4,0
037200,2,1
037200,3,0
037300,1,1
037300,2,0
037400,1,0
037400,5,1
037400,6,0
037400,7,1
037500,4,1
037500,5,0
037600,3,1
037600,4,0
037700,2,1
037700,3,0
037800,1,1
037800,2,0
037900,1,0
037900,5,1
037900,7,0
037900,8,1
038000,4,1
038000,5,0
038100,3,1
038100,4,0
038200,2,1
038200,3,0
038300,1,1
038300,2,0
038400,1,0
038400,8,0
038850,6,1
039000,7,1
039200,8,1
039450,1,1
039450,2,1
039450,3,1
039450,4,1
039450,5,1
039450,6,0
039450,7,0
039450,8,0
039700,1,0
039700,2,0
039700,3,0
039700,4,0
039700,5,0
039900,5,1
039900,6,1
040000,4,1
040000,5,0
040100,3,1
040100,4,0
040200,2,1
040200,3,0
040300,1,1
040300,2,0
040400,1,0
040400,5,1
040400,6,0
040400,7,1
040500,4,1
040500,5,0
040600,3,1
040600,4,0
040700,2,1
040700,3,0
040800,1,1
040800,2,0
040900,1,0
040900,5,1
040900,7,0
040900,8,1
041000,4,1
041000,5,0
041100,3,1
041100,4,0
041200,2,1
041200,3,0
041300,1,1
041300,2,0
041400,1,0
041400,8,0
041750,6,1
041900,7,1
042100,8,1
042350,1,1
042350,2,1
042350,3,1
042350,4,1
042350,5,1
042350,6,0
042350,7,0
042350,8,0
042600,1,0
042600,2,0
042600,3,0
042600,4,0
042600,5,0
042750,5,1
042750,6,1
042850,4,1
042850,5,0
042950,3,1
042950,4,0
043050,2,1
043050,3,0
043150,1,1
043150,2,0
043250,1,0
043250,5,1
043250,6,0
043250,7,1
043350,4,1
043350,5,0
043450,3,1
043450,4,0
043550,2,1
043550,3,0
043650,1,1
043650,2,0
043750,1,0
043750,5,1
043750,7,0
043750,8,1
043850,4,1
043850,5,0
043950,3,1
043950,4,0
044050,2,1
044050,3,0
044150,1,1
044150,2,0
044250,1,0
044250,8,0
044500,5,1
044700,4,1
044700,5,0
044900,1,1
044900,4,0
045100,1,0
045100,5,1
045300,4,1
045300,5,0
045450,1,1
045450,4,0
045650,7,1
045850,1,0
045850,5,1
046200,3,1
046200,5,0
046400,2,1
046400,3,0
046400,6,1
046400,7,0
046550,2,0
046550,5,1
046750,3,1
046750,5,0
046900,2,1
046900,3,0
047100,6,0
047100,8,1
047150,2,0
047300,3,1
047300,5,1
047600,2,1
047600,3,0
047600,4,1
047600,5,0
047800,1,1
047800,2,0
047800,3,1
047800,4,0
047800,7,1
047800,8,0
048050,1,0
048050,3,0
048150,1,1
048150,3,1
048350,1,0
048350,2,1
048350,3,0
048350,4,1
048500,6,1
048500,7,0
048550,2,0
048550,3,1
048550,4,0
048550,5,1
048900,2,1
048900,3,0
048900,4,1
048900,5,0
049250,6,0
049250,8,1
049400,2,0
049400,3,1
049400,4,0
049400,5,1
050000,3,0
050000,5,0
050000,7,1
050000,8,0
050150,3,1
050150,5,1
050550,2,1
050550,3,0
050550,4,1
050550,5,0
050750,1,1
050750,2,0
050750,3,1
050750,4,0
050750,6,1
050750,7,0
050950,1,0
050950,3,0
051100,1,1
051100,3,1
051450,6,0
051450,8,1
052150,7,1
052150,8,0
052900,6,1
052900,7,0
052950,1,0
052950,3,0
053100,3,1
053100,5,1
053500,2,1
053500,3,0
053500,4,1
053500,5,0
053650,1,1
053650,2,0
053650,3,1
053650,4,0
053650,6,0
053650,8,1
053850,1,0
053850,3,0
054000,1,1
054000,3,1
054200,1,0
054200,2,1
054200,3,0
054200,4,1
054350,7,1
054350,8,0
054400,2,0
054400,3,1
054400,4,0
054400,5,1
054750,2,1
054750,3,0
054750,4,1
054750,5,0
055100,6,1
055100,7,0
055250,2,0
055250,3,1
055250,4,0
055250,5,1
055850,6,0
055850,8,1
055900,3,0
055900,5,0
056050,2,1
056050,4,1
056550,7,1
056550,8,0
056600,2,0
056600,4,0
056750,1,1
056750,4,1
056850,1,0
056850,4,0
056950,1,1
056950,4,1
057300,6,1
057300,7,0
058050,6,0
058050,8,1
058800,1,0
058800,4,0
058800,7,1
058800,8,0
058950,3,1
058950,5,1
059550,6,1
059550,7,0
059700,2,1
059700,3,0
059700,4,1
059700,5,0
059800,2,0
059800,4,0
059850,2,1
059850,4,1
060300,6,0
060300,8,1
061000,7,1
061000,8,0
061700,6,1
061700,7,0
061750,2,0
061750,4,0
061900,2,1
061900,4,1
062400,6,0
062400,8,1
062450,2,0
062450,4,0
062600,1,1
062600,4,1
062700,1,0
062700,4,0
062800,1,1
062800,4,1
063150,7,1
063150,8,0
063900,6,1
063900,7,0
064650,1,0
064650,4,0
064650,6,0
064650,8,1
064800,3,1
064800,5,1
065400,7,1
065400,8,0
065550,2,1
065550,3,0
065550,4,1
065550,5,0
065650,2,0
065650,4,0
065750,2,1
065750,4,1
066100,6,1
066100,7,0
066800,6,0
066800,8,1
067600,2,0
067600,4,0
067600,8,0
068350,3,1
068350,5,1
068600,3,0
068600,5,0
068750,3,1
068750,5,1
068950,2,1
068950,3,0
068950,4,1
068950,5,0
069350,1,1
069350,2,0
069350,3,1
069350,4,0
069350,5,1
069550,1,0
069550,3,0
069550,5,0
069650,1,1
069650,3,1
069650,5,1
069650,6,1
069700,7,1
069750,6,0
069800,6,1
069850,7,0
069850,8,1
069900,6,0
069900,7,1
069950,8,0
070000,6,1
070000,8,1
070050,7,0
070100,1,0
070100,3,0
070100,5,0
070100,6,0
070100,8,0
070300,3,1
070300,5,1
070500,2,1
070500,3,0
070500,4,1
070500,5,0
070650,1,1
070650,2,0
070650,3,1
070650,4,0
070650,5,1
070750,7,1
070850,1,0
070850,3,0
070850,5,0
071000,1,1
071000,3,1
071000,5,1
071400,1,0
071400,2,1
071400,3,0
071400,4,1
071400,5,0
071450,6,1
071450,7,0
071650,2,0
071650,4,0
071750,2,1
071750,4,1
071950,1,1
071950,2,0
071950,3,1
071950,4,0
071950,5,1
072150,6,0
072150,8,1
072300,1,0
072300,2,1
072300,3,0
072300,4,1
072300,5,0
072550,2,0
072550,4,0
072700,2,1
072700,4,1
072900,7,1
072900,8,0
073200,2,0
073200,3,1
073200,4,0
073200,5,1
073400,2,1
073400,3,0
073400,4,1
073400,5,0
073550,1,1
073550,2,0
073550,3,1
073550,4,0
073550,5,1
073650,6,1
073650,7,0
073850,1,0
073850,3,0
073850,5,0
073950,1,1
073950,3,1
073950,5,1
074150,6,0
074150,8,1
074300,1,0
074300,2,1
074300,3,0
074300,4,1
074300,5,0
074550,2,0
074550,4,0
074650,2,1
074650,4,1
074850,1,1
074850,2,0
074850,3,1
074850,4,0
074850,5,1
074850,7,1
074850,8,0
075300,1,0
075300,3,0
075300,5,0
075400,5,1
075500,6,1
075500,7,0
075550,4,1
075550,5,0
075750,3,1
075750,4,0
075900,2,1
075900,3,0
076100,2,0
076100,5,1
076250,4,1
076250,5,0
076300,6,0
076300,8,1
076450,2,1
076450,4,0
076800,2,0
076800,5,1
077000,4,1
077000,5,0
077000,7,1
077000,8,0
077150,1,1
077150,4,0
077350,1,0
077350,2,1
077550,2,0
077550,3,1
077700,6,1
077700,7,0
077750,3,0
077750,5,1
077900,3,1
077900,5,0
078100,2,1
078100,3,0
078300,1,1
078300,2,0
078300,3,1
078300,6,0
078300,8,1
078350,7,1
078400,8,0
078450,8,1
078500,6,1
078500,7,0
078600,6,0
078600,7,1
078700,7,0
078750,7,1
078800,8,0
078850,1,0
078850,3,0
078850,7,0
079100,3,1
079100,5,1
079250,3,0
079250,5,0
079350,3,1
079350,5,1
079500,3,0
079500,5,0
079550,2,1
079550,4,1
079750,2,0
079750,4,0
079850,2,1
079850,4,1
079900,8,1
080050,2,0
080050,4,0
080100,1,1
080100,3,1
080350,1,0
080350,3,0
080450,1,1
080450,3,1
080600,1,0
080600,3,0
080650,1,1
080650,3,1
080650,7,1
080650,8,0
080900,1,0
080900,3,0
081000,2,1
081000,4,1
081150,2,0
081150,4,0
081200,2,1
081200,4,1
081350,2,0
081350,4,0
081400,2,1
081400,4,1
081400,6,1
081400,7,0
081600,2,0
081600,4,0
081700,1,1
081700,3,1
081850,1,0
081850,3,0
081900,1,1
081900,3,1
082050,1,0
082050,3,0
082100,1,1
082100,3,1
082100,6,0
082100,8,1
082400,1,0
082400,3,0
082450,2,1
082450,4,1
082600,2,0
082600,4,0
082650,2,1
082650,4,1
082800,2,0
082800,4,0
082800,7,1
082800,8,0
082850,2,1
082850,4,1
083050,2,0
083050,4,0
083100,1,1
083100,3,1
083250,1,0
083250,3,0
083300,1,1
083300,3,1
083450,1,0
083450,3,0
083500,1,1
083500,3,1
083550,6,1
083550,7,0
083750,1,0
083750,3,0
084100,3,1
084100,5,1
084250,6,0
084250,8,1
084350,3,0
084350,5,0
084450,2,1
084450,4,1
084550,2,0
084550,4,0
084600,2,1
084600,3,1
084950,2,0
084950,3,0
085000,1,1
085000,3,1
085000,7,1
085000,8,0
085150,1,0
085150,3,0
085200,2,1
085200,3,1
085500,2,0
085500,3,0
085550,2,1
085550,4,1
085750,6,1
085750,7,0
085900,2,0
085900,3,1
085900,4,0
085900,5,1
086200,3,0
086200,5,0
086250,2,1
086250,4,1
086450,2,0
086450,3,1
086450,4,0
086450,5,1
086500,6,0
086500,8,1
086750,3,0
086750,5,0
087000,5,1
087150,4,1
087150,5,0
087200,7,1
087200,8,0
087300,3,1
087300,4,0
087500,2,1
087500,3,0
087650,2,0
087650,4,1
087850,3,1
087850,4,0
087900,6,1
087900,7,0
088050,3,0
088050,6,0
088050,7,1
088050,8,1
088100,6,1
088150,6,0
088150,7,0
088200,6,1
088200,7,1
088200,8,0
088250,8,1
088300,6,0
088350,5,1
088350,7,0
088350,8,0
088550,4,1
088750,2,1
088750,3,1
088950,2,0
089100,3,0
089100,4,0
089300,4,1
089450,3,1
089650,3,0
089650,4,0
089650,5,0
089650,6,1
089650,8,1
089750,6,0
089750,7,1
089750,8,0
089800,6,1
089800,8,1
089950,6,0
089950,7,0
089950,8,0
090050,1,1
090050,2,1
090050,3,1
090050,4,1
090050,5,1
090200,1,0
090200,2,0
090400,3,0
090400,4,0
090400,5,0
090400,6,1
090400,7,1
090400,8,1
090550,5,1
090550,6,0
090550,7,0
090550,8,0
090750,4,1
090750,5,0
090900,3,1
090900,4,0
091100,3,0
091100,7,1
091100,8,1
091150,6,1
091200,7,0
091200,8,0
091250,6,0
091250,8,1
091300,7,1
091300,8,0
091350,6,1
091350,8,1
091400,6,0
091400,7,0
091400,8,0
091500,1,1
091650,1,0
091650,3,1
091850,3,0
091850,4,1
092050,4,0
092050,5,1
092250,1,1
092250,2,1
092250,3,1
092250,4,1
092250,6,1
092250,8,1
092300,6,0
092300,7,1
092350,6,1
092350,7,0
092350,8,0
092400,1,0
092400,2,0
092400,3,0
092400,4,0
092400,5,0
092400,6,0
092550,6,1
092700,3,1
092700,5,1
093000,2,1
093000,3,0
093000,4,1
093000,5,0
093200,1,1
093200,2,0
093200,3,1
093200,4,0
093300,6,0
093300,8,1
093450,1,0
093450,3,0
093550,1,1
093550,3,1
093750,1,0
093750,2,1
093750,3,0
093750,4,1
093950,2,0
093950,3,1
093950,4,0
093950,5,1
094000,7,1
094000,8,0
094300,2,1
094300,3,0
094300,4,1
094300,5,0
094750,6,1
094750,7,0
094800,2,0
094800,3,1
094800,4,0
094800,5,1
095400,3,0
095400,5,0
095450,6,0
095450,8,1
095550,3,1
095550,5,1
095950,2,1
095950,3,0
095950,4,1
095950,5,0
096150,1,1
096150,2,0
096150,3,1
096150,4,0
096250,7,1
096250,8,0
096350,1,0
096350,3,0
096500,1,1
096500,3,1
096900,6,1
096900,7,0
097700,6,0
097700,8,1
098350,1,0
098350,3,0
098450,7,1
098450,8,0
098500,3,1
098500,5,1
098900,2,1
098900,3,0
098900,4,1
098900,5,0
099050,1,1
099050,2,0
099050,3,1
099050,4,0
099150,6,1
099150,7,0
099250,1,0
099250,3,0
099400,1,1
099400,3,1
099600,1,0
099600,2,1
099600,3,0
099600,4,1
099800,2,0
099800,3,1
099800,4,0
099800,5,1
099850,6,0
099850,8,1
100150,2,1
100150,3,0
100150,4,1
100150,5,0
100600,7,1
100600,8,0
100650,2,0
100650,3,1
100650,4,0
100650,5,1
101300,3,0
101300,5,0
101300,6,1
101300,7,0
101450,2,1
101450,4,1
102000,2,0
102000,4,0
102050,6,0
102050,8,1
102150,1,1
102150,4,1
102250,1,0
102250,4,0
102350,1,1
102350,4,1
102750,7,1
102750,8,0
103550,6,1
103550,7,0
104200,1,0
104200,4,0
104300,6,0
104300,8,1
104350,3,1
104350,5,1
104950,7,1
104950,8,0
105100,2,1
105100,3,0
105100,4,1
105100,5,0
105200,2,0
105200,4,0
105250,2,1
105250,4,1
105700,6,1
105700,7,0
106450,6,0
106450,8,1
107150,2,0
107150,4,0
107150,7,1
107150,8,0
107300,2,1
107300,4,1
107850,2,0
107850,4,0
107900,6,1
107900,7,0
108000,1,1
108000,4,1
108100,1,0
108100,4,0
108200,1,1
108200,4,1
108600,6,0
108600,8,1
109350,7,1
109350,8,0
110050,1,0
110050,4,0
110150,6,1
110150,7,0
110200,3,1
110200,5,1
110850,6,0
110850,8,1
110950,2,1
110950,3,0
110950,4,1
110950,5,0
111050,2,0
111050,4,0
111150,2,1
111150,4,1
111550,7,1
111550,8,0
112250,6,1
112250,7,0
113000,2,0
113000,4,0
113000,6,0
113700,3,1
113900,3,0
114100,3,1
114300,3,0
114450,2,1
114650,2,0
114650,8,1
114850,2,1
115050,2,0
115050,7,1
115050,8,0
115200,3,1
115400,3,0
115400,6,1
115400,7,0
115500,5,1
115700,5,0
115800,6,0
115800,8,1
116200,7,1
116200,8,0
116550,6,1
116550,7,0
116600,4,1
116800,4,0
116900,1,1
116950,6,0
116950,8,1
117100,1,0
117100,5,1
117300,5,0
117350,7,1
117350,8,0
117450,3,1
117700,3,0
117750,6,1
117750,7,0
117800,3,1
118100,6,0
118100,8,1
118150,3,0
118250,4,1
118450,7,1
118450,8,0
118550,4,0
118550,5,1
118800,5,0
118850,6,1
118850,7,0
119250,6,0
119250,8,1
119600,8,0
119750,6,1
119900,5,1
120050,4,1
120150,3,1
120250,2,1
120350,1,1
120450,1,0
120450,2,0
120450,3,0
120450,4,0
120450,5,0
120450,6,0
120450,7,1
120550,4,1
120650,3,1
120650,4,0
120850,3,0
121000,7,0
121400,1,1
121600,1,0
121600,3,1
121800,3,0
121800,8,1
122000,5,1
122150,4,1
122150,5,0
122500,4,0
122500,6,1
122500,8,0
122750,3,1
123000,1,1
123000,3,0
123150,1,0
123150,4,1
123350,4,0
123350,6,0
123350,7,1
123500,5,1
123700,4,1
123700,5,0
123950,2,1
123950,4,0
124000,7,0
124200,2,0
124350,2,1
124350,7,1
124450,6,1
124500,7,0
124500,8,1
124550,7,1
124650,8,0
124700,8,1
124750,7,0
124750,8,0
124800,2,0
124800,6,0
124850,6,1
125600,6,0
125600,8,1
126000,4,1
126000,5,1
126200,3,1
126200,4,0
126300,2,1
126300,3,0
126350,1,1
126350,2,0
126450,7,1
126450,8,0
126600,1,0
126600,5,0
126750,1,1
126750,5,1
126950,1,0
126950,5,0
127050,4,1
127050,5,1
127150,6,1
127150,7,0
127350,4,0
127350,5,0
127450,4,1
127450,5,1
127550,3,1
127550,4,0
127650,2,1
127650,3,0
127700,1,1
127700,2,0
127950,6,0
127950,8,1
128100,1,0
128100,5,0
128300,1,1
128300,5,1
128550,1,0
128550,5,0
128700,4,1
128700,5,1
128750,7,1
128750,8,0
128850,4,0
128850,5,0
129000,4,1
129000,5,1
129100,3,1
129100,4,0
129200,2,1
129200,3,0
129250,1,1
129250,2,0
129300,1,0
129300,2,1
129300,5,0
129400,2,0
129500,3,1
129500,6,1
129500,7,0
129750,3,0
129750,4,1
129950,4,0
130100,3,1
130300,1,1
130300,3,0
130300,6,0
130300,8,1
130500,1,0
130500,2,1
130650,2,0
130650,3,1
130750,3,0
130750,4,1
130850,4,0
130850,5,1
131000,5,0
131050,7,1
131050,8,0
131100,4,1
131250,4,0
131350,8,1
131450,6,1
131450,8,0
131550,5,1
131550,6,0
131650,4,1
131650,5,0
131750,3,1
131750,4,0
131800,6,1
131800,7,0
131850,2,1
131850,3,0
131950,1,1
131950,2,0
132100,1,0
132100,2,1
132250,2,0
132250,3,1
132400,3,0
132400,4,1
132500,4,0
132550,7,1
132600,5,1
132600,6,0
132600,7,0
132600,8,1
132650,4,1
132700,3,1
132700,5,0
132750,2,1
132750,4,0
132800,3,0
132850,1,1
132850,2,0
133050,1,0
133100,5,1
133350,5,0
133350,7,1
133350,8,0
133550,3,1
133550,4,1
133750,2,1
133750,3,0
133950,2,0
133950,4,0
134050,4,1
134150,6,1
134150,7,0
134250,4,0
134350,5,1
134600,5,0
134850,3,1
134850,6,0
134850,8,1
135100,3,0
135100,4,1
135250,4,0
135250,5,1
135450,5,0
135450,6,1
135650,5,1
135650,6,0
135650,7,1
135650,8,0
135800,3,1
135800,5,0
136000,1,1
136000,3,0
136250,1,0
136400,2,1
136400,6,1
136400,7,0
136550,2,0
136550,3,1
136800,3,0
136800,5,1
137000,4,1
137000,5,0
137150,3,1
137150,4,0
137150,6,0
137150,7,1
137300,2,1
137300,3,0
137500,2,0
137500,3,1
137700,3,0
137700,4,1
137950,4,0
137950,7,0
137950,8,1
138300,1,1
138500,1,0
138500,3,1
138650,3,0
138650,5,1
138700,8,0
138800,5,0
139050,6,1
139100,3,1
139100,5,1
139300,2,1
139300,3,0
139300,4,1
139300,5,0
139500,1,1
139500,2,0
139500,3,1
139500,4,0
139750,1,0
139750,3,0
139800,6,0
139800,8,1
139900,1,1
139900,3,1
140050,1,0
140050,2,1
140050,3,0
140050,4,1
140250,2,0
140250,3,1
140250,4,0
140250,5,1
140500,7,1
140500,8,0
140600,2,1
140600,3,0
140600,4,1
140600,5,0
141150,2,0
141150,3,1
141150,4,0
141150,5,1
141250,6,1
141250,7,0
141800,3,0
141800,5,0
141950,3,1
141950,5,1
141950,6,0
141950,8,1
142350,2,1
142350,3,0
142350,4,1
142350,5,0
142500,1,1
142500,2,0
142500,3,1
142500,4,0
142750,1,0
142750,3,0
142750,7,1
142750,8,0
142900,1,1
142900,3,1
143400,6,1
143400,7,0
144200,6,0
144200,8,1
144850,1,0
144850,3,0
144950,7,1
144950,8,0
145000,3,1
145000,5,1
145400,2,1
145400,3,0
145400,4,1
145400,5,0
145550,1,1
145550,2,0
145550,3,1
145550,4,0
145650,6,1
145650,7,0
145750,1,0
145750,3,0
145900,1,1
145900,3,1
146100,1,0
146100,2,1
146100,3,0
146100,4,1
146300,2,0
146300,3,1
146300,4,0
146300,5,1
146350,6,0
146350,8,1
146650,2,1
146650,3,0
146650,4,1
146650,5,0
147100,7,1
147100,8,0
147150,2,0
147150,3,1
147150,4,0
147150,5,1
147800,3,0
147800,5,0
147800,6,1
147800,7,0
147950,2,1
147950,4,1
148500,2,0
148500,4,0
148550,6,0
148550,8,1
148650,1,1
148650,4,1
148750,1,0
148750,4,0
148850,1,1
148850,4,1
149250,7,1
149250,8,0
150050,6,1
150050,7,0
150700,1,0
150700,4,0
150800,6,0
150800,8,1
150850,3,1
150850,5,1
151450,7,1
151450,8,0
151600,2,1
151600,3,0
151600,4,1
151600,5,0
151700,2,0
151700,4,0
151750,2,1
151750,4,1
152200,6,1
152200,7,0
152950,6,0
152950,8,1
153650,2,0
153650,4,0
153650,7,1
153650,8,0
153800,2,1
153800,4,1
154350,2,0
154350,4,0
154400,6,1
154400,7,0
154500,1,1
154500,4,1
154600,1,0
154600,4,0
154700,1,1
154700,4,1
155100,6,0
155100,8,1
155850,7,1
155850,8,0
156550,1,0
156550,4,0
156650,6,1
156650,7,0
156700,3,1
156700,5,1
157350,6,0
157350,8,1
157450,2,1
157450,3,0
157450,4,1
157450,5,0
157550,2,0
157550,4,0
157650,2,1
157650,4,1
158050,7,1
158050,8,0
158750,6,1
158750,7,0
159500,2,0
159500,4,0
159500,6,0
159500,8,1
159700,5,1
160000,4,1
160000,5,0
160150,1,1
160150,4,0
160200,7,1
160200,8,0
160350,1,0
160350,5,1
160450,4,1
160450,5,0
160600,1,1
160600,4,0
160900,6,1
160900,7,0
161050,1,0
161050,5,1
161450,3,1
161450,5,0
161650,2,1
161650,3,0
161650,6,0
161650,8,1
161800,2,0
161800,5,1
162000,3,1
162000,5,0
162200,2,1
162200,3,0
162400,7,1
162400,8,0
162550,2,0
162550,5,1
162900,3,1
162900,5,0
163100,6,1
163100,7,0
163150,1,1
163150,3,0
163300,1,0
163300,5,1
163500,3,1
163500,5,0
163700,1,1
163700,3,0
163850,6,0
163850,8,1
164050,1,0
164050,5,1
164450,3,1
164450,5,0
164550,7,1
164550,8,0
164650,2,1
164650,3,0
164800,2,0
164800,5,1
164950,3,1
164950,5,0
165150,2,1
165150,3,0
165300,6,1
165300,7,0
165550,2,0
165550,5,1
165550,6,0
165750,5,0
165850,3,1
165850,5,1
165850,8,1
165950,2,1
165950,3,0
165950,4,1
165950,5,0
166150,1,1
166150,2,0
166150,3,1
166150,4,0
166300,1,0
166300,3,0
166300,8,0
166350,3,1
166350,5,1
166350,7,1
166500,2,1
166500,3,0
166500,4,1
166500,5,0
166650,1,1
166650,2,0
166650,3,1
166650,4,0
166800,1,0
166800,3,0
166850,3,1
166850,5,1
166850,6,1
166850,7,0
167000,2,1
167000,3,0
167000,4,1
167000,5,0
167150,1,1
167150,2,0
167150,3,1
167150,4,0
167300,1,0
167300,2,1
167300,3,0
167300,6,0
167500,2,0
167500,4,1
167650,1,1
167650,3,1
167650,4,0
168000,1,0
168000,2,1
168000,3,0
168000,4,1
168200,2,0
168200,3,1
168200,4,0
168200,5,1
168350,3,0
168350,5,0
168450,2,1
168450,4,1
168950,2,0
168950,4,0
169050,3,1
169050,5,1
169050,6,1
169050,7,1
169050,8,1
169100,6,0
169100,8,0
169150,6,1
169150,8,1
169200,6,0
169200,8,0
169250,7,0
169250,8,1
169300,6,1
169300,7,1
169400,8,0
169450,6,0
169500,6,1
169500,7,0
169550,6,0
169550,8,1
169600,6,1
169600,7,1
169600,8,0
169650,6,0
169700,6,1
169700,8,1
169900,6,0
169900,8,0
169950,6,1
169950,7,0
169950,8,1
170050,7,1
170150,6,0
170150,8,0
170250,7,0
170250,8,1
170350,7,1
170350,8,0
170400,7,0
170400,8,1
170450,6,1
170450,7,1
170500,6,0
170550,3,0
170550,5,0
170550,7,0
170550,8,0
171200,2,1
171200,4,1
171800,2,0
171800,4,0
171950,3,1
171950,5,1
171950,6,1
171950,7,1
171950,8,1
172000,6,0
172000,7,0
172050,6,1
172050,7,1
172100,6,0
172150,6,1
172200,7,0
172200,8,0
172250,6,0
172250,8,1
172300,6,1
172300,7,1
172300,8,0
172350,6,0
172350,8,1
172400,8,0
172450,6,1
172450,7,0
172500,6,0
172500,7,1
172550,6,1
172600,8,1
172650,6,0
172650,7,0
172700,6,1
172700,7,1
172750,7,0
172750,8,0
172800,6,0
172800,8,1
172850,6,1
172850,7,1
172850,8,0
172900,8,1
172950,7,0
173000,6,0
173000,7,1
173000,8,0
173050,7,0
173050,8,1
173100,6,1
173100,7,1
173150,8,0
173200,8,1
173250,7,0
173300,7,1
173300,8,0
173350,6,0
173400,3,0
173400,5,0
173400,7,0
174150,2,1
174150,4,1
174700,2,0
174700,4,0
174800,3,1
174800,5,1
174800,6,1
174800,7,1
174800,8,1
174850,7,0
174850,8,0
174900,7,1
174950,6,0
174950,8,1
175000,8,0
175100,6,1
175150,8,1
175250,7,0
175300,7,1
175350,6,0
175350,7,0
175400,6,1
175400,7,1
175500,6,0
175500,8,0
175550,6,1
175550,8,1
175600,6,0
175650,6,1
175650,7,0
175700,6,0
175700,7,1
175750,7,0
175800,6,1
175800,7,1
175850,7,0
175900,3,0
175900,5,0
175900,6,0
175900,8,0
179237,1,1
180533,1,0
185600,1,0
185600,2,0
185600,3,0
185600,4,0
185600,5,0
185600,6,0
185600,7,0
185600,8,0
