TIME(MS),COMMAND,VALUE
0000000,1,0
0000000,2,0
0000000,3,0
0000000,4,0
0000000,5,0
0000000,6,0
0000000,7,0
0000000,8,0
0000600,8,1
0000700,8,0
0000800,8,1
0000900,8,0
0001200,8,1
0001300,8,0
0001400,8,1
0001500,8,0
0001600,8,1
0001700,8,0
0002000,8,1
0002100,8,0
0002200,7,1
0002300,7,0
0002400,7,1
0002500,7,0
0002800,7,1
0002900,7,0
0003000,7,1
0003100,7,0
0003200,7,1
0003300,7,0
0003600,7,1
0003700,7,0
0003800,6,1
0003900,6,0
0004000,6,1
0004100,6,0
0004400,6,1
0004500,6,0
0004600,6,1
0004700,6,0
0004800,6,1
0004900,6,0
0005200,6,1
0005300,6,0
0005400,8,1
0005500,8,0
0007100,8,1
0007200,8,0
0007300,8,1
0007400,8,0
0007700,8,1
0007800,8,0
0007900,8,1
0008000,8,0
0008100,8,1
0008200,8,0
0008500,8,1
0008600,8,0
0008700,7,1
0008800,7,0
0008900,7,1
0009000,7,0
0009300,7,1
0009400,7,0
0009500,7,1
0009600,7,0
0009700,7,1
0009800,7,0
0010100,7,1
0010200,7,0
0010300,6,1
0010400,6,0
0010500,6,1
0010600,6,0
0010900,6,1
0011000,6,0
0011100,6,1
0011200,6,0
0011300,6,1
0011400,6,0
0011700,6,1
0011800,6,0
0011900,8,1
0012000,8,0
0013600,8,1
0013600,1,1
0013600,3,0
0013680,2,1
0013680,4,0
0013760,3,1
0013760,5,0
0013840,4,1
0013840,1,0
0013920,5,1
0013920,2,0
0014000,1,1
0014000,3,0
0014080,2,1
0014080,4,0
0014160,3,1
0014160,5,0
0014240,4,1
0014240,1,0
0014320,5,1
0014320,2,0
0014400,1,1
0014400,3,0
0014480,2,1
0014480,4,0
0014560,3,1
0014560,5,0
0014640,4,1
0014640,1,0
0014720,5,1
0014720,2,0
0014800,1,1
0014800,3,0
0014880,2,1
0014880,4,0
0014960,3,1
0014960,5,0
0015040,4,1
0015040,1,0
0015120,5,1
0015120,2,0
0015200,8,0
0015200,7,1
0015200,1,1
0015200,3,0
0015280,2,1
0015280,4,0
0015360,3,1
0015360,5,0
0015440,4,1
0015440,1,0
0015520,5,1
0015520,2,0
0015600,1,1
0015600,3,0
0015680,2,1
0015680,4,0
0015760,3,1
0015760,5,0
0015840,4,1
0015840,1,0
0015920,5,1
0015920,2,0
0016000,1,1
0016000,3,0
0016080,2,1
0016080,4,0
0016160,3,1
0016160,5,0
0016240,4,1
0016240,1,0
0016320,5,1
0016320,2,0
0016400,1,1
0016400,3,0
0016480,2,1
0016480,4,0
0016560,3,1
0016560,5,0
0016640,4,1
0016640,1,0
0016720,5,1
0016720,2,0
0016800,7,0
0016800,6,1
0016800,1,1
0016800,3,0
0016880,2,1
0016880,4,0
0016960,3,1
0016960,5,0
0017040,4,1
0017040,1,0
0017120,5,1
0017120,2,0
0017200,1,1
0017200,3,0
0017280,2,1
0017280,4,0
0017360,3,1
0017360,5,0
0017440,4,1
0017440,1,0
0017520,5,1
0017520,2,0
0017600,1,1
0017600,3,0
0017680,2,1
0017680,4,0
0017760,3,1
0017760,5,0
0017840,4,1
0017840,1,0
0017920,5,1
0017920,2,0
0018000,1,1
0018000,3,0
0018080,2,1
0018080,4,0
0018160,3,1
0018160,5,0
0018240,4,1
0018240,1,0
0018320,5,1
0018320,2,0
0018400,3,0
0018480,4,0
0018320,5,0
0018320,6,0
0020100,8,1
0020100,1,1
0020100,3,0
0020180,2,1
0020180,4,0
0020260,3,1
0020260,5,0
0020340,4,1
0020340,1,0
0020420,5,1
0020420,2,0
0020500,1,1
0020500,3,0
0020580,2,1
0020580,4,0
0020660,3,1
0020660,5,0
0020740,4,1
0020740,1,0
0020820,5,1
0020820,2,0
0020900,1,1
0020900,3,0
0020980,2,1
0020980,4,0
0021060,3,1
0021060,5,0
0021140,4,1
0021140,1,0
0021220,5,1
0021220,2,0
0021300,1,1
0021300,3,0
0021380,2,1
0021380,4,0
0021460,3,1
0021460,5,0
0021540,4,1
0021540,1,0
0021620,5,1
0021620,2,0
0021700,8,0
0021700,7,1
0021700,1,1
0021700,3,0
0021780,2,1
0021780,4,0
0021860,3,1
0021860,5,0
0021940,4,1
0021940,1,0
0022020,5,1
0022020,2,0
0022100,1,1
0022100,3,0
0022180,2,1
0022180,4,0
0022260,3,1
0022260,5,0
0022340,4,1
0022340,1,0
0022420,5,1
0022420,2,0
0022500,1,1
0022500,3,0
0022580,2,1
0022580,4,0
0022660,3,1
0022660,5,0
0022740,4,1
0022740,1,0
0022820,5,1
0022820,2,0
0022900,1,1
0022900,3,0
0022980,2,1
0022980,4,0
0023060,3,1
0023060,5,0
0023140,4,1
0023140,1,0
0023220,5,1
0023220,2,0
0023300,7,0
0023300,6,1
0023300,1,1
0023300,3,0
0023380,2,1
0023380,4,0
0023460,3,1
0023460,5,0
0023540,4,1
0023540,1,0
0023620,5,1
0023620,2,0
0023700,1,1
0023700,3,0
0023780,2,1
0023780,4,0
0023860,3,1
0023860,5,0
0023940,4,1
0023940,1,0
0024020,5,1
0024020,2,0
0024100,1,1
0024100,3,0
0024180,2,1
0024180,4,0
0024260,3,1
0024260,5,0
0024340,4,1
0024340,1,0
0024420,5,1
0024420,2,0
0024500,1,1
0024500,3,0
0024580,2,1
0024580,4,0
0024660,3,1
0024660,5,0
0024740,4,1
0024740,1,0
0024820,5,1
0024820,2,0
0024900,3,0
0024980,4,0
0025060,5,0
0025060,6,0
0025400,5,1
0025600,5,0
0025600,4,1
0025800,4,0
0025800,3,1
0026000,3,0
0026000,2,1
0026200,2,0
0026200,1,1
0026400,1,0
0026500,1,1
0026500,2,1
0026500,3,1
0026500,4,1
0026500,5,1
0026500,6,1
0026500,7,1
0026500,8,1
0026700,1,0
0026700,2,0
0026700,3,0
0026700,4,0
0026700,5,0
0026700,6,0
0026700,7,0
0026700,8,0
0027100,5,1
0027300,5,0
0027300,4,1
0027500,4,0
0027500,3,1
0027700,3,0
0027700,2,1
0027900,2,0
0027900,1,1
0028000,1,0
0028100,1,1
0028100,2,1
0028100,3,1
0028100,4,1
0028100,5,1
0028100,6,1
0028100,7,1
0028100,8,1
0028300,1,0
0028300,2,0
0028300,3,0
0028300,4,0
0028300,5,0
0028300,6,0
0028300,7,0
0028300,8,0
0028800,1,1
0028800,2,1
0028800,3,1
0028800,4,1
0028800,5,1
0028800,6,1
0028800,7,1
0028800,8,1
0028900,1,0
0028900,2,0
0028900,3,0
0028900,4,0
0028900,5,0
0028900,6,0
0028900,7,0
0028900,8,0
0029000,1,1
0029000,2,1
0029000,3,1
0029000,4,1
0029000,5,1
0029000,6,1
0029000,7,1
0029000,8,1
0029100,1,0
0029100,2,0
0029100,3,0
0029100,4,0
0029100,5,0
0029100,6,0
0029100,7,0
0029100,8,0
0029600,1,1
0029600,2,1
0029600,3,1
0029600,4,1
0029600,5,1
0029600,6,1
0029600,7,1
0029600,8,1
0029700,1,0
0029700,2,0
0029700,3,0
0029700,4,0
0029700,5,0
0029700,6,0
0029700,7,0
0029700,8,0
0029800,1,1
0029800,2,1
0029800,3,1
0029800,4,1
0029800,5,1
0029800,6,1
0029800,7,1
0029800,8,1
0029900,1,0
0029900,2,0
0029900,3,0
0029900,4,0
0029900,5,0
0029900,6,0
0029900,7,0
0029900,8,0
0030200,1,1
0030200,3,1
0030200,6,1
0030200,7,1
0030200,8,1
0030300,1,0
0030300,3,0
0030300,6,0
0030300,7,0
0030300,8,0
0030600,2,1
0030600,4,1
0030600,6,1
0030600,7,1
0030600,8,1
0030700,2,0
0030700,4,0
0030700,6,0
0030700,7,0
0030700,8,0
0031000,3,1
0031000,5,1
0031000,6,1
0031000,7,1
0031000,8,1
0031100,3,0
0031100,5,0
0031100,6,0
0031100,7,0
0031100,8,0
0031400,8,1
0031400,1,1
0031400,3,0
0031480,2,1
0031480,4,0
0031560,3,1
0031560,5,0
0031640,4,1
0031640,1,0
0031720,5,1
0031720,2,0
0031800,1,1
0031800,3,0
0031880,2,1
0031880,4,0
0031960,3,1
0031960,5,0
0032040,4,1
0032040,1,0
0032120,5,1
0032120,2,0
0032200,1,1
0032200,3,0
0032280,2,1
0032280,4,0
0032360,3,1
0032360,5,0
0032440,4,1
0032440,1,0
0032520,5,1
0032520,2,0
0032600,1,1
0032600,3,0
0032680,2,1
0032680,4,0
0032760,3,1
0032760,5,0
0032840,4,1
0032840,1,0
0032920,5,1
0032920,2,0
0033000,8,0
0033000,7,1
0033000,1,1
0033000,3,0
0033080,2,1
0033080,4,0
0033160,3,1
0033160,5,0
0033240,4,1
0033240,1,0
0033320,5,1
0033320,2,0
0033400,1,1
0033400,3,0
0033480,2,1
0033480,4,0
0033560,3,1
0033560,5,0
0033640,4,1
0033640,1,0
0033720,5,1
0033720,2,0
0033800,1,1
0033800,3,0
0033880,2,1
0033880,4,0
0033960,3,1
0033960,5,0
0034040,4,1
0034040,1,0
0034120,5,1
0034120,2,0
0034200,1,1
0034200,3,0
0034280,2,1
0034280,4,0
0034360,3,1
0034360,5,0
0034440,4,1
0034440,1,0
0034520,5,1
0034520,2,0
0034600,7,0
0034600,6,1
0034600,1,1
0034600,3,0
0034680,2,1
0034680,4,0
0034760,3,1
0034760,5,0
0034840,4,1
0034840,1,0
0034920,5,1
0034920,2,0
0035000,1,1
0035000,3,0
0035080,2,1
0035080,4,0
0035160,3,1
0035160,5,0
0035240,4,1
0035240,1,0
0035320,5,1
0035320,2,0
0035400,1,1
0035400,3,0
0035480,2,1
0035480,4,0
0035560,3,1
0035560,5,0
0035640,4,1
0035640,1,0
0035720,5,1
0035720,2,0
0035800,1,1
0035800,3,0
0035880,2,1
0035880,4,0
0035960,3,1
0035960,5,0
0036040,4,1
0036040,1,0
0036120,5,1
0036120,2,0
0036200,3,0
0036280,4,0
0036280,5,0
0036280,6,0
0037800,8,1
0037800,1,1
0037800,3,0
0037880,2,1
0037880,4,0
0037960,3,1
0037960,5,0
0038040,4,1
0038040,1,0
0038120,5,1
0038120,2,0
0038200,1,1
0038200,3,0
0038280,2,1
0038280,4,0
0038360,3,1
0038360,5,0
0038440,4,1
0038440,1,0
0038520,5,1
0038520,2,0
0038600,1,1
0038600,3,0
0038680,2,1
0038680,4,0
0038760,3,1
0038760,5,0
0038840,4,1
0038840,1,0
0038920,5,1
0038920,2,0
0039000,1,1
0039000,3,0
0039080,2,1
0039080,4,0
0039160,3,1
0039160,5,0
0039240,4,1
0039240,1,0
0039320,5,1
0039320,2,0
0039400,8,0
0039400,7,1
0039400,1,1
0039400,3,0
0039480,2,1
0039480,4,0
0039560,3,1
0039560,5,0
0039640,4,1
0039640,1,0
0039720,5,1
0039720,2,0
0039800,1,1
0039800,3,0
0039880,2,1
0039880,4,0
0039960,3,1
0039960,5,0
0040040,4,1
0040040,1,0
0040120,5,1
0040120,2,0
0040200,1,1
0040200,3,0
0040280,2,1
0040280,4,0
0040360,3,1
0040360,5,0
0040440,4,1
0040440,1,0
0040520,5,1
0040520,2,0
0040600,1,1
0040600,3,0
0040680,2,1
0040680,4,0
0040760,3,1
0040760,5,0
0040840,4,1
0040840,1,0
0040920,5,1
0040920,2,0
0041000,7,0
0041000,6,1
0041000,1,1
0041000,3,0
0041080,2,1
0041080,4,0
0041160,3,1
0041160,5,0
0041240,4,1
0041240,1,0
0041320,5,1
0041320,2,0
0041400,1,1
0041400,3,0
0041480,2,1
0041480,4,0
0041560,3,1
0041560,5,0
0041640,4,1
0041640,1,0
0041720,5,1
0041720,2,0
0041800,1,1
0041800,3,0
0041880,2,1
0041880,4,0
0041960,3,1
0041960,5,0
0042040,4,1
0042040,1,0
0042120,5,1
0042120,2,0
0042200,1,1
0042200,3,0
0042280,2,1
0042280,4,0
0042360,3,1
0042360,5,0
0042440,4,1
0042440,1,0
0042520,5,1
0042520,2,0
0042600,3,0
0042680,4,0
0042760,5,0
0042760,6,0
0043200,5,1
0043400,5,0
0043400,4,1
0043600,4,0
0043600,3,1
0043800,3,0
0043800,2,1
0044000,2,0
0044000,1,1
0044200,1,0
0044300,1,1
0044300,2,1
0044300,3,1
0044300,4,1
0044300,5,1
0044300,6,1
0044300,7,1
0044300,8,1
0044500,1,0
0044500,2,0
0044500,3,0
0044500,4,0
0044500,5,0
0044500,6,0
0044500,7,0
0044500,8,0
0044900,5,1
0045100,5,0
0045100,4,1
0045300,4,0
0045300,3,1
0045500,3,0
0045500,2,1
0045700,2,0
0045700,1,1
0045900,1,0
0046000,1,1
0046000,2,1
0046000,3,1
0046000,4,1
0046000,5,1
0046000,6,1
0046000,7,1
0046000,8,1
0046200,1,0
0046200,2,0
0046200,3,0
0046200,4,0
0046200,5,0
0046200,6,0
0046200,7,0
0046200,8,0
0046600,1,1
0046600,2,1
0046600,3,1
0046600,4,1
0046600,5,1
0046600,6,1
0046600,7,1
0046600,8,1
0046700,1,0
0046700,2,0
0046700,3,0
0046700,4,0
0046700,5,0
0046700,6,0
0046700,7,0
0046700,8,0
0046800,1,1
0046800,2,1
0046800,3,1
0046800,4,1
0046800,5,1
0046800,6,1
0046800,7,1
0046800,8,1
0046900,1,0
0046900,2,0
0046900,3,0
0046900,4,0
0046900,5,0
0046900,6,0
0046900,7,0
0046900,8,0
0047400,1,1
0047400,2,1
0047400,3,1
0047400,4,1
0047400,5,1
0047400,6,1
0047400,7,1
0047400,8,1
0047500,1,0
0047500,2,0
0047500,3,0
0047500,4,0
0047500,5,0
0047500,6,0
0047500,7,0
0047500,8,0
0047600,1,1
0047600,2,1
0047600,3,1
0047600,4,1
0047600,5,1
0047600,6,1
0047600,7,1
0047600,8,1
0047700,1,0
0047700,2,0
0047700,3,0
0047700,4,0
0047700,5,0
0047700,6,0
0047700,7,0
0047700,8,0
0048000,1,1
0048000,2,1
0048400,2,0
0048400,3,1
0048800,3,0
0048800,4,1
0049200,4,0
0049200,5,1
0049600,1,0
0049600,2,1
0049900,2,0
0049900,3,1
0050300,3,0
0050300,4,1
0050700,4,0
0050700,5,0
0050800,8,1
0050900,8,0
0051000,8,1
0051100,8,0
0051200,8,1
0051300,8,0
0051400,8,1
0051500,8,0
0051600,8,1
0051700,8,0
0051800,8,1
0051900,8,0
0052000,8,1
0052100,8,0
0052200,8,1
0052300,8,0
0052400,8,1
0052500,8,0
0052600,8,1
0052700,8,0
0052800,8,1
0052900,8,0
0053000,8,1
0053100,8,0
0053200,8,1
0053300,8,0
0053400,8,1
0053500,8,0
0053600,8,1
0053700,8,0
0053800,8,1
0053900,8,0
0054000,8,1
0054100,8,0
0054200,8,1
0054300,8,0
0054400,8,1
0054500,8,0
0054600,8,1
0054700,8,0
0054800,8,1
0054900,8,0
0055000,8,1
0055100,8,0
0055200,8,1
0055300,8,0
0055400,8,1
0055500,8,0
0055600,8,1
0055700,8,0
0055800,8,1
0055900,8,0
0056000,8,1
0056100,8,0
0056200,8,1
0056300,8,0
0056400,8,1
0056500,8,0
0056600,8,1
0056700,8,0
0056800,8,1
0056900,8,0
0057000,8,1
0057100,8,0
0057200,8,1
0057300,8,0
0057400,8,1
0057500,8,0
0057600,1,1
0057600,8,1
0057700,1,0
0057700,8,0
0057800,2,1
0057800,8,1
0057900,2,0
0057900,8,0
0058000,1,1
0058000,8,1
0058100,1,0
0058100,8,0
0058200,8,1
0058300,8,0
0058400,8,1
0058500,3,1
0058500,8,0
0058600,8,1
0058700,8,0
0058800,8,1
0058900,3,0
0058900,8,0
0059000,8,1
0059100,8,0
0059200,2,1
0059200,8,1
0059300,2,0
0059300,8,0
0059400,3,1
0059400,8,1
0059500,8,0
0059500,3,0
0059600,2,1
0059600,8,1
0059700,8,0
0059700,2,0
0059800,8,1
0059900,8,0
0060000,8,1
0060100,4,1
0060100,8,0
0060200,8,1
0060300,8,0
0060400,8,1
0060500,4,0
0060500,8,0
0060600,8,1
0060700,8,0
0060800,8,1
0060800,3,1
0060900,8,0
0060900,3,0
0061000,8,1
0061000,4,1
0061100,4,0
0061100,8,0
0061200,3,1
0061200,8,1
0061300,3,0
0061300,8,0
0061400,8,1
0061500,8,0
0061600,8,1
0061700,8,0
0061700,5,1
0061800,8,1
0061900,8,0
0061900,5,0
0062000,8,1
0062100,8,0
0062100,4,1
0062200,8,1
0062300,8,0
0062300,4,0
0062400,8,1
0062500,8,0
0062500,3,1
0062600,8,1
0062700,8,0
0062700,3,0
0062800,8,1
0062900,8,0
0062900,2,1
0063000,8,1
0063100,8,0
0063100,2,0
0063200,8,1
0063300,8,0
0063300,1,1
0063400,8,1
0063500,8,0
0063500,1,0
0063600,8,1
0063700,8,0
0063800,8,1
0063900,8,0
0064000,8,1
0064000,1,1
0064100,8,0
0064100,1,0
0064200,8,1
0064200,2,1
0064300,8,0
0064300,2,0
0064400,8,1
0064400,1,1
0064500,8,0
0064500,1,0
0064600,8,1
0064700,8,0
0064800,8,1
0064800,3,1
0064900,8,0
0065000,8,1
0065100,8,0
0065200,8,1
0065200,3,0
0065300,8,0
0065400,8,1
0065500,8,0
0065600,8,1
0065600,2,1
0065700,8,0
0065700,2,0
0065800,8,1
0065800,3,1
0065900,8,0
0065900,3,0
0066000,8,1
0066000,2,1
0066100,8,0
0066100,2,0
0066200,8,1
0066300,8,0
0066400,8,1
0066500,8,0
0066500,4,1
0066600,8,1
0066700,8,0
0066800,8,1
0066900,8,0
0066900,4,0
0067000,8,1
0067100,8,0
0067200,8,1
0067200,3,1
0067300,8,0
0067300,3,0
0067400,8,1
0067400,4,1
0067500,8,0
0067500,4,0
0067600,8,1
0067600,3,1
0067700,8,0
0067700,3,0
0067800,8,1
0067900,8,0
0068000,8,1
0068100,8,0
0068100,5,1
0068200,8,1
0068300,8,0
0068300,5,0
0068400,8,1
0068500,8,0
0068500,4,1
0068600,8,1
0068700,8,0
0068700,4,0
0068800,8,1
0068900,8,0
0068900,3,1
0069000,8,1
0069100,8,0
0069100,3,0
0069200,8,1
0069300,8,0
0069300,2,1
0069400,8,1
0069500,8,0
0069500,2,0
0069600,8,1
0069700,8,0
0069700,1,1
0069800,8,1
0069900,8,0
0069900,1,0
0070100,1,1
0070100,2,1
0070100,3,1
0070100,4,1
0070100,5,1
0070100,6,1
0070100,7,1
0070100,8,1
0070200,1,0
0070200,2,0
0070200,3,0
0070200,4,0
0070200,5,0
0070200,6,0
0070200,7,0
0070200,8,0
0070600,5,1
0070800,5,0
0070800,4,1
0071000,4,0
0071000,3,1
0071200,3,0
0071200,2,1
0071400,2,0
0071400,1,1
0071600,1,0
0071700,1,1
0071700,2,1
0071700,3,1
0071700,4,1
0071700,5,1
0071700,6,1
0071700,7,1
0071700,8,1
0071800,1,0
0071800,2,0
0071800,3,0
0071800,4,0
0071800,5,0
0071800,6,0
0071800,7,0
0071800,8,0
0072300,5,1
0072500,5,0
0072500,4,1
0072700,4,0
0072700,3,1
0072900,3,0
0072900,2,1
0073100,2,0
0073100,1,1
0073300,1,0
0073400,1,1
0073400,2,1
0073400,3,1
0073400,4,1
0073400,5,1
0073400,6,1
0073400,7,1
0073400,8,1
0073600,1,0
0073600,2,0
0073600,3,0
0073600,4,0
0073600,5,0
0073600,6,0
0073600,7,0
0073600,8,0
0074000,1,1
0074000,2,1
0074000,3,1
0074000,4,1
0074000,5,1
0074000,6,1
0074000,7,1
0074000,8,1
0074100,1,0
0074100,2,0
0074100,3,0
0074100,4,0
0074100,5,0
0074100,6,0
0074100,7,0
0074100,8,0
0074200,1,1
0074200,2,1
0074200,3,1
0074200,4,1
0074200,5,1
0074200,6,1
0074200,7,1
0074200,8,1
0074300,1,0
0074300,2,0
0074300,3,0
0074300,4,0
0074300,5,0
0074300,6,0
0074300,7,0
0074300,8,0
0074800,1,1
0074800,2,1
0074800,3,1
0074800,4,1
0074800,5,1
0074800,6,1
0074800,7,1
0074800,8,1
0074900,1,0
0074900,2,0
0074900,3,0
0074900,4,0
0074900,5,0
0074900,6,0
0074900,7,0
0074900,8,0
0075000,1,1
0075000,2,1
0075000,3,1
0075000,4,1
0075000,5,1
0075000,6,1
0075000,7,1
0075000,8,1
0075100,1,0
0075100,2,0
0075100,3,0
0075100,4,0
0075100,5,0
0075100,6,0
0075100,7,0
0075100,8,0
0075400,1,1
0075400,3,1
0075400,6,1
0075400,7,1
0075400,8,1
0075500,1,0
0075500,3,0
0075500,6,0
0075500,7,0
0075500,8,0
0075800,2,1
0075800,4,1
0075800,6,1
0075800,7,1
0075800,8,1
0075900,2,0
0075900,4,0
0075900,6,0
0075900,7,0
0075900,8,0
0076200,3,1
0076200,5,1
0076200,6,1
0076200,7,1
0076200,8,1
0076300,3,0
0076300,5,0
0076300,6,0
0076300,7,0
0076300,8,0
0076600,8,1
0076600,1,1
0076600,3,0
0076680,2,1
0076680,4,0
0076760,3,1
0076760,5,0
0076840,4,1
0076840,1,0
0076920,5,1
0076920,2,0
0077000,1,1
0077000,3,0
0077080,2,1
0077080,4,0
0077160,3,1
0077160,5,0
0077240,4,1
0077240,1,0
0077320,5,1
0077320,2,0
0077400,1,1
0077400,3,0
0077480,2,1
0077480,4,0
0077560,3,1
0077560,5,0
0077640,4,1
0077640,1,0
0077720,5,1
0077720,2,0
0077800,1,1
0077800,3,0
0077880,2,1
0077880,4,0
0077960,3,1
0077960,5,0
0078040,4,1
0078040,1,0
0078120,5,1
0078120,2,0
0078200,8,0
0078200,7,1
0078200,1,1
0078200,3,0
0078280,2,1
0078280,4,0
0078360,3,1
0078360,5,0
0078440,4,1
0078440,1,0
0078520,5,1
0078520,2,0
0078600,1,1
0078600,3,0
0078680,2,1
0078680,4,0
0078760,3,1
0078760,5,0
0078840,4,1
0078840,1,0
0078920,5,1
0078920,2,0
0079000,1,1
0079000,3,0
0079080,2,1
0079080,4,0
0079160,3,1
0079160,5,0
0079240,4,1
0079240,1,0
0079320,5,1
0079320,2,0
0079400,1,1
0079400,3,0
0079480,2,1
0079480,4,0
0079560,3,1
0079560,5,0
0079640,4,1
0079640,1,0
0079720,5,1
0079720,2,0
0079800,7,0
0079800,6,1
0079800,1,1
0079800,3,0
0079880,2,1
0079880,4,0
0079960,3,1
0079960,5,0
0080040,4,1
0080040,1,0
0080120,5,1
0080120,2,0
0080200,1,1
0080200,3,0
0080280,2,1
0080280,4,0
0080360,3,1
0080360,5,0
0080440,4,1
0080440,1,0
0080520,5,1
0080520,2,0
0080600,1,1
0080600,3,0
0080680,2,1
0080680,4,0
0080760,3,1
0080760,5,0
0080840,4,1
0080840,1,0
0080920,5,1
0080920,2,0
0081000,1,1
0081000,3,0
0081080,2,1
0081080,4,0
0081160,3,1
0081160,5,0
0081240,4,1
0081240,1,0
0081320,5,1
0081320,2,0
0081400,3,0
0081480,4,0
0081560,5,0
0081560,6,0
0083100,8,1
0083100,1,1
0083100,3,0
0083180,2,1
0083180,4,0
0083260,3,1
0083260,5,0
0083340,4,1
0083340,1,0
0083420,5,1
0083420,2,0
0083500,1,1
0083500,3,0
0083580,2,1
0083580,4,0
0083660,3,1
0083660,5,0
0083740,4,1
0083740,1,0
0083820,5,1
0083820,2,0
0083900,1,1
0083900,3,0
0083980,2,1
0083980,4,0
0084060,3,1
0084060,5,0
0084140,4,1
0084140,1,0
0084220,5,1
0084220,2,0
0084300,1,1
0084300,3,0
0084380,2,1
0084380,4,0
0084460,3,1
0084460,5,0
0084540,4,1
0084540,1,0
0084620,5,1
0084620,2,0
0084700,8,0
0084700,7,1
0084700,1,1
0084700,3,0
0084780,2,1
0084780,4,0
0084860,3,1
0084860,5,0
0084940,4,1
0084940,1,0
0085020,5,1
0085020,2,0
0085100,1,1
0085100,3,0
0085180,2,1
0085180,4,0
0085260,3,1
0085260,5,0
0085340,4,1
0085340,1,0
0085420,5,1
0085420,2,0
0085500,1,1
0085500,3,0
0085580,2,1
0085580,4,0
0085660,3,1
0085660,5,0
0085740,4,1
0085740,1,0
0085820,5,1
0085820,2,0
0085900,1,1
0085900,3,0
0085980,2,1
0085980,4,0
0086060,3,1
0086060,5,0
0086140,4,1
0086140,1,0
0086220,5,1
0086220,2,0
0086300,7,0
0086300,6,1
0086300,1,1
0086300,3,0
0086380,2,1
0086380,4,0
0086460,3,1
0086460,5,0
0086540,4,1
0086540,1,0
0086620,5,1
0086620,2,0
0086700,1,1
0086700,3,0
0086780,2,1
0086780,4,0
0086860,3,1
0086860,5,0
0086940,4,1
0086940,1,0
0087020,5,1
0087020,2,0
0087100,1,1
0087100,3,0
0087180,2,1
0087180,4,0
0087260,3,1
0087260,5,0
0087340,4,1
0087340,1,0
0087420,5,1
0087420,2,0
0087500,1,1
0087500,3,0
0087580,2,1
0087580,4,0
0087660,3,1
0087660,5,0
0087740,4,1
0087740,1,0
0087820,5,1
0087820,2,0
0087900,3,0
0087980,4,0
0088060,5,0
0088060,6,0
0088460,5,1
0088660,5,0
0088660,4,1
0088860,4,0
0088860,3,1
0089060,3,0
0089060,2,1
0089260,2,0
0089260,1,1
0089460,1,0
0089560,1,1
0089560,2,1
0089560,3,1
0089560,4,1
0089560,5,1
0089560,6,1
0089560,7,1
0089560,8,1
0089660,1,0
0089660,2,0
0089660,3,0
0089660,4,0
0089660,5,0
0089660,6,0
0089660,7,0
0089660,8,0
0090060,5,1
0090260,5,0
0090260,4,1
0090460,4,0
0090460,3,1
0090660,3,0
0090660,2,1
0090860,2,0
0090860,1,1
0091060,1,0
0091160,1,1
0091160,2,1
0091160,3,1
0091160,4,1
0091160,5,1
0091160,6,1
0091160,7,1
0091160,8,1
0091360,1,0
0091360,2,0
0091360,3,0
0091360,4,0
0091360,5,0
0091360,6,0
0091360,7,0
0091360,8,0
0091760,6,1
0091960,5,1
0092160,5,0
0092160,4,1
0092360,4,0
0092360,3,1
0092560,3,0
0092560,2,1
0092760,2,0
0092760,1,1
0093000,1,0
0093000,2,1
0093500,2,0
0093500,3,1
0093900,3,0
0093900,4,1
0094300,4,0
0094300,5,1
0094700,5,0
0094700,1,1
0095100,1,0
0095100,3,1
0095500,3,0
0095500,5,1
0095900,5,0
0099200,6,0
0099200,8,1
0099300,8,0
0099400,8,1
0099500,8,0
0099800,8,1
0099900,8,0
0100000,8,1
0100100,8,0
0100200,8,1
0100300,8,0
0100615,8,1
0100715,8,0
0100815,8,1
0100915,8,0
0101015,8,1
0101115,8,0
0101430,8,1
0101530,8,0
0101630,8,1
0101730,8,0
0101830,8,1
0101930,8,0
0102245,8,1
0102345,8,0
0102445,8,1
0102545,8,0
0102645,8,1
0102745,8,0
0103060,8,1
0103160,8,0
0103260,8,1
0103360,8,0
0103460,8,1
0103560,8,0
0103875,8,1
0103975,8,0
0104075,8,1
0104175,8,0
0104275,8,1
0104375,8,0
0104690,8,1
0104790,8,0
0104890,8,1
0104990,8,0
0105090,8,1
0105190,8,0
0105505,6,1
0105505,8,1
0105605,8,0
0105705,8,1
0105805,8,0
0105905,8,1
0106005,8,0
0106320,8,1
0106420,8,0
0106520,8,1
0106620,8,0
0106720,8,1
0106820,8,0
0107135,8,1
0107235,8,0
0107335,8,1
0107435,8,0
0107535,8,1
0107635,8,0
0107950,8,1
0108050,8,0
0108150,8,1
0108250,8,0
0108350,8,1
0108450,8,0
0108765,8,1
0108865,8,0
0108965,8,1
0109065,8,0
0109165,8,1
0109265,8,0
0109580,8,1
0109680,8,0
0109780,8,1
0109880,8,0
0109980,8,1
0110080,8,0
0110395,8,1
0110495,8,0
0110595,8,1
0110695,8,0
0110795,8,1
0110895,8,0
0111210,8,1
0111310,8,0
0111410,8,1
0111510,8,0
0111610,8,1
0111710,8,0
0112025,8,1
0112125,8,0
0112225,8,1
0112325,8,0
0112425,8,1
0112525,8,0
0112840,8,1
0112940,8,0
0113040,8,1
0113140,8,0
0113240,8,1
0113340,8,0
0113655,8,1
0113755,8,0
0113855,8,1
0113955,8,0
0114055,8,1
0114155,8,0
0114470,8,1
0114570,8,0
0114670,8,1
0114770,8,0
0114870,8,1
0114970,8,0
0115285,7,1
0115285,8,1
0115385,8,0
0115485,8,1
0115585,8,0
0115685,8,1
0115785,8,0
0116100,8,1
0116200,8,0
0116300,8,1
0116400,8,0
0116500,8,1
0116600,8,0
0116915,8,1
0117015,8,0
0117115,8,1
0117215,8,0
0117315,8,1
0117415,8,0
0117730,8,1
0117830,8,0
0117930,8,1
0118030,8,0
0118130,8,1
0118230,8,0
0118545,8,1
0118645,8,0
0118745,8,1
0118845,8,0
0118945,8,1
0119045,8,0
0119360,8,1
0119460,8,0
0119560,8,1
0119660,8,0
0119760,8,1
0119860,8,0
0120175,8,1
0120275,8,0
0120375,8,1
0120475,8,0
0120575,8,1
0120675,8,0
0120990,8,1
0121090,8,0
0121190,8,1
0121290,8,0
0121390,8,1
0121490,8,0
0121805,8,1
0121905,8,0
0122005,8,1
0122105,8,0
0122205,8,1
0122305,8,0
0122620,8,1
0122720,8,0
0122820,8,1
0122920,8,0
0123020,8,1
0123120,8,0
0123435,8,1
0123535,8,0
0123635,8,1
0123735,8,0
0123835,8,1
0123935,8,0
0124250,8,1
0124350,8,0
0124450,8,1
0124550,8,0
0124650,8,1
0124750,8,0
0124900,8,1
0125000,8,0
0125000,7,0
0125000,6,0
0125000,1,1
0125000,2,1
0125000,3,1
0125000,4,1
0125000,5,1
0125000,6,1
0125000,7,1
0125000,8,1
0125200,1,0
0125200,2,0
0125200,3,0
0125200,4,0
0125200,5,0
0125200,6,0
0125200,7,0
0125200,8,0
0125600,5,1
0125800,5,0
0125800,4,1
0126000,4,0
0126000,3,1
0126200,3,0
0126200,2,1
0126400,2,0
0126400,1,1
0126600,1,0
0126700,1,1
0126700,2,1
0126700,3,1
0126700,4,1
0126700,5,1
0126700,6,1
0126700,7,1
0126700,8,1
0126800,1,0
0126800,2,0
0126800,3,0
0126800,4,0
0126800,5,0
0126800,6,0
0126800,7,0
0126800,8,0
0127300,5,1
0127500,5,0
0127500,4,1
0127700,4,0
0127700,3,1
0127900,3,0
0127900,2,1
0128100,2,0
0128100,1,1
0128300,1,0
0128400,1,1
0128400,2,1
0128400,3,1
0128400,4,1
0128400,5,1
0128400,6,1
0128400,7,1
0128400,8,1
0128500,1,0
0128500,2,0
0128500,3,0
0128500,4,0
0128500,5,0
0128500,6,0
0128500,7,0
0128500,8,0
0128900,1,1
0128900,2,1
0128900,3,1
0128900,4,1
0128900,5,1
0128900,6,1
0128900,7,1
0128900,8,1
0129000,1,0
0129000,2,0
0129000,3,0
0129000,4,0
0129000,5,0
0129000,6,0
0129000,7,0
0129000,8,0
0129100,1,1
0129100,2,1
0129100,3,1
0129100,4,1
0129100,5,1
0129100,6,1
0129100,7,1
0129100,8,1
0129200,1,0
0129200,2,0
0129200,3,0
0129200,4,0
0129200,5,0
0129200,6,0
0129200,7,0
0129200,8,0
0129700,1,1
0129700,2,1
0129700,3,1
0129700,4,1
0129700,5,1
0129700,6,1
0129700,7,1
0129700,8,1
0129800,1,0
0129800,2,0
0129800,3,0
0129800,4,0
0129800,5,0
0129800,6,0
0129800,7,0
0129800,8,0
0129900,1,1
0129900,2,1
0129900,3,1
0129900,4,1
0129900,5,1
0129900,6,1
0129900,7,1
0129900,8,1
0130000,1,0
0130000,2,0
0130000,3,0
0130000,4,0
0130000,5,0
0130000,6,0
0130000,7,0
0130000,8,0
0130300,1,1
0130300,3,1
0130300,6,1
0130300,7,1
0130300,8,1
0130400,1,0
0130400,3,0
0130400,6,0
0130400,7,0
0130400,8,0
0130700,2,1
0130700,4,1
0130700,6,1
0130700,7,1
0130700,8,1
0130800,2,0
0130800,4,0
0130800,6,0
0130800,7,0
0130800,8,0
0131100,3,1
0131100,5,1
0131100,6,1
0131100,7,1
0131100,8,1
0131200,3,0
0131200,5,0
0131200,6,0
0131200,7,0
0131200,8,0
0131500,8,1
0131500,1,1
0131500,3,0
0131580,2,1
0131580,4,0
0131660,3,1
0131660,5,0
0131740,4,1
0131740,1,0
0131820,5,1
0131820,2,0
0131900,1,1
0131900,3,0
0131980,2,1
0131980,4,0
0132060,3,1
0132060,5,0
0132140,4,1
0132140,1,0
0132220,5,1
0132220,2,0
0132300,1,1
0132300,3,0
0132380,2,1
0132380,4,0
0132460,3,1
0132460,5,0
0132540,4,1
0132540,1,0
0132620,5,1
0132620,2,0
0132700,1,1
0132700,3,0
0132780,2,1
0132780,4,0
0132860,3,1
0132860,5,0
0132940,4,1
0132940,1,0
0133020,5,1
0133020,2,0
0133100,8,0
0133100,7,1
0133100,1,1
0133100,3,0
0133180,2,1
0133180,4,0
0133260,3,1
0133260,5,0
0133340,4,1
0133340,1,0
0133420,5,1
0133420,2,0
0133500,1,1
0133500,3,0
0133580,2,1
0133580,4,0
0133660,3,1
0133660,5,0
0133740,4,1
0133740,1,0
0133820,5,1
0133820,2,0
0133900,1,1
0133900,3,0
0133980,2,1
0133980,4,0
0134060,3,1
0134060,5,0
0134140,4,1
0134140,1,0
0134220,5,1
0134220,2,0
0134300,1,1
0134300,3,0
0134380,2,1
0134380,4,0
0134460,3,1
0134460,5,0
0134540,4,1
0134540,1,0
0134620,5,1
0134620,2,0
0134700,7,0
0134700,6,1
0134700,1,1
0134700,3,0
0134780,2,1
0134780,4,0
0134860,3,1
0134860,5,0
0134940,4,1
0134940,1,0
0135020,5,1
0135020,2,0
0135100,1,1
0135100,3,0
0135180,2,1
0135180,4,0
0135260,3,1
0135260,5,0
0135340,4,1
0135340,1,0
0135420,5,1
0135420,2,0
0135500,1,1
0135500,3,0
0135580,2,1
0135580,4,0
0135660,3,1
0135660,5,0
0135740,4,1
0135740,1,0
0135820,5,1
0135820,2,0
0135900,1,1
0135900,3,0
0135980,2,1
0135980,4,0
0136060,3,1
0136060,5,0
0136140,4,1
0136140,1,0
0136220,5,1
0136220,2,0
0136300,3,0
0136380,4,0
0136460,5,0
0136460,6,0
0138140,8,1
0138140,1,1
0138140,3,0
0138220,2,1
0138220,4,0
0138300,3,1
0138300,5,0
0138380,4,1
0138380,1,0
0138460,5,1
0138460,2,0
0138540,1,1
0138540,3,0
0138620,2,1
0138620,4,0
0138700,3,1
0138700,5,0
0138780,4,1
0138780,1,0
0138860,5,1
0138860,2,0
0138940,1,1
0138940,3,0
0139020,2,1
0139020,4,0
0139100,3,1
0139100,5,0
0139180,4,1
0139180,1,0
0139260,5,1
0139260,2,0
0139340,1,1
0139340,3,0
0139420,2,1
0139420,4,0
0139500,3,1
0139500,5,0
0139580,4,1
0139580,1,0
0139660,5,1
0139660,2,0
0139740,8,0
0139740,7,1
0139740,1,1
0139740,3,0
0139820,2,1
0139820,4,0
0139900,3,1
0139900,5,0
0139980,4,1
0139980,1,0
0140060,5,1
0140060,2,0
0140140,1,1
0140140,3,0
0140220,2,1
0140220,4,0
0140300,3,1
0140300,5,0
0140380,4,1
0140380,1,0
0140460,5,1
0140460,2,0
0140540,1,1
0140540,3,0
0140620,2,1
0140620,4,0
0140700,3,1
0140700,5,0
0140780,4,1
0140780,1,0
0140860,5,1
0140860,2,0
0140940,1,1
0140940,3,0
0141020,2,1
0141020,4,0
0141100,3,1
0141100,5,0
0141180,4,1
0141180,1,0
0141260,5,1
0141260,2,0
0141340,7,0
0141340,6,1
0141340,1,1
0141340,3,0
0141420,2,1
0141420,4,0
0141500,3,1
0141500,5,0
0141580,4,1
0141580,1,0
0141660,5,1
0141660,2,0
0141740,1,1
0141740,3,0
0141820,2,1
0141820,4,0
0141900,3,1
0141900,5,0
0141980,4,1
0141980,1,0
0142060,5,1
0142060,2,0
0142140,1,1
0142140,3,0
0142220,2,1
0142220,4,0
0142300,3,1
0142300,5,0
0142380,4,1
0142380,1,0
0142460,5,1
0142460,2,0
0142540,1,1
0142540,3,0
0142620,2,1
0142620,4,0
0142700,3,1
0142700,5,0
0142780,4,1
0142780,1,0
0142860,5,1
0142860,2,0
0142860,3,0
0142860,6,0
0142860,4,0
0142860,5,0
0143000,1,1
0143000,2,1
0143000,3,1
0143000,4,1
0143000,5,1
0143000,6,1
0143000,7,1
0143000,8,1
0143200,1,0
0143200,2,0
0143200,3,0
0143200,4,0
0143200,5,0
0143200,6,0
0143200,7,0
0143200,8,0
0144600,1,1
0144600,2,1
0144600,3,1
0144600,4,1
0144600,5,1
0144600,6,1
0144600,7,1
0144600,8,1
0144800,1,0
0144800,2,0
0144800,3,0
0144800,4,0
0144800,5,0
0144800,6,0
0144800,7,0
0144800,8,0
0146200,1,1
0146200,2,1
0146200,3,1
0146200,4,1
0146200,5,1
0146200,6,1
0146200,7,1
0146200,8,1
0146400,1,0
0146400,2,0
0146400,3,0
0146400,4,0
0146400,5,0
0146400,6,0
0146400,7,0
0146400,8,0
0147000,1,1
0147000,2,1
0147000,3,1
0147000,4,1
0147000,5,1
0147000,6,1
0147000,7,1
0147000,8,1
0147200,1,0
0147200,2,0
0147200,3,0
0147200,4,0
0147200,5,0
0147200,6,0
0147200,7,0
0147200,8,0
0147800,1,1
0147800,2,1
0147800,3,1
0147800,4,1
0147800,5,1
0147800,6,1
0147800,7,1
0147800,8,1
0148000,1,0
0148000,2,0
0148000,3,0
0148000,4,0
0148000,5,0
0148000,6,0
0148000,7,0
0148000,8,0
0148200,1,1
0148200,3,1
0148200,6,1
0148200,7,1
0148200,8,1
0148400,1,0
0148400,3,0
0148400,6,0
0148400,7,0
0148400,8,0
0148600,2,1
0148600,4,1
0148600,6,1
0148600,7,1
0148600,8,1
0148800,2,0
0148800,4,0
0148800,6,0
0148800,7,0
0148800,8,0
0149000,3,1
0149000,5,1
0149000,6,1
0149000,7,1
0149000,8,1
0149200,3,0
0149200,5,0
0149200,6,0
0149200,7,0
0149200,8,0
0149400,8,1
0149400,1,1
0149400,3,0
0149480,2,1
0149480,4,0
0149560,3,1
0149560,5,0
0149640,4,1
0149640,1,0
0149720,5,1
0149720,2,0
0149800,1,1
0149800,3,0
0149880,2,1
0149880,4,0
0149960,3,1
0149960,5,0
0150040,4,1
0150040,1,0
0150120,5,1
0150120,2,0
0150200,1,1
0150200,3,0
0150280,2,1
0150280,4,0
0150360,3,1
0150360,5,0
0150440,4,1
0150440,1,0
0150520,5,1
0150520,2,0
0150600,1,1
0150600,3,0
0150680,2,1
0150680,4,0
0150760,3,1
0150760,5,0
0150840,4,1
0150840,1,0
0150920,5,1
0150920,2,0
0151000,8,0
0151000,7,1
0151000,1,1
0151000,3,0
0151080,2,1
0151080,4,0
0151160,3,1
0151160,5,0
0151240,4,1
0151240,1,0
0151320,5,1
0151320,2,0
0151400,1,1
0151400,3,0
0151480,2,1
0151480,4,0
0151560,3,1
0151560,5,0
0151640,4,1
0151640,1,0
0151720,5,1
0151720,2,0
0151800,1,1
0151800,3,0
0151880,2,1
0151880,4,0
0151960,3,1
0151960,5,0
0152040,4,1
0152040,1,0
0152120,5,1
0152120,2,0
0152200,1,1
0152200,3,0
0152280,2,1
0152280,4,0
0152360,3,1
0152360,5,0
0152440,4,1
0152440,1,0
0152520,5,1
0152520,2,0
0152600,7,0
0152600,6,1
0152600,1,1
0152600,3,0
0152680,2,1
0152680,4,0
0152760,3,1
0152760,5,0
0152840,4,1
0152840,1,0
0152920,5,1
0152920,2,0
0153000,1,1
0153000,3,0
0153080,2,1
0153080,4,0
0153160,3,1
0153160,5,0
0153240,4,1
0153240,1,0
0153320,5,1
0153320,2,0
0153400,1,1
0153400,3,0
0153480,2,1
0153480,4,0
0153560,3,1
0153560,5,0
0153640,4,1
0153640,1,0
0153720,5,1
0153720,2,0
0153800,1,1
0153800,3,0
0153880,2,1
0153880,4,0
0153960,3,1
0153960,5,0
0154040,4,1
0154040,1,0
0154120,5,1
0154120,2,0
0154200,6,0
0154200,8,1
0154200,1,1
0154200,3,0
0154280,2,1
0154280,4,0
0154360,3,1
0154360,5,0
0154440,4,1
0154440,1,0
0154520,5,1
0154520,2,0
0154600,1,1
0154600,3,0
0154680,2,1
0154680,4,0
0154760,3,1
0154760,5,0
0154840,4,1
0154840,1,0
0154920,5,1
0154920,2,0
0155000,1,1
0155000,3,0
0155080,2,1
0155080,4,0
0155160,3,1
0155160,5,0
0155240,4,1
0155240,1,0
0155320,5,1
0155320,2,0
0155400,1,1
0155400,3,0
0155480,2,1
0155480,4,0
0155560,3,1
0155560,5,0
0155640,4,1
0155640,1,0
0155720,5,1
0155720,2,0
0155800,8,0
0155800,7,1
0155800,1,1
0155800,3,0
0155880,2,1
0155880,4,0
0155960,3,1
0155960,5,0
0156040,4,1
0156040,1,0
0156120,5,1
0156120,2,0
0156200,1,1
0156200,3,0
0156280,2,1
0156280,4,0
0156360,3,1
0156360,5,0
0156440,4,1
0156440,1,0
0156520,5,1
0156520,2,0
0156600,1,1
0156600,3,0
0156680,2,1
0156680,4,0
0156760,3,1
0156760,5,0
0156840,4,1
0156840,1,0
0156920,5,1
0156920,2,0
0157000,1,1
0157000,3,0
0157080,2,1
0157080,4,0
0157160,3,1
0157160,5,0
0157240,4,1
0157240,1,0
0157320,5,1
0157320,2,0
0157400,7,0
0157400,6,1
0157400,1,1
0157400,3,0
0157480,2,1
0157480,4,0
0157560,3,1
0157560,5,0
0157640,4,1
0157640,1,0
0157720,5,1
0157720,2,0
0157800,1,1
0157800,3,0
0157880,2,1
0157880,4,0
0157960,3,1
0157960,5,0
0158040,4,1
0158040,1,0
0158120,5,1
0158120,2,0
0158200,1,1
0158200,3,0
0158280,2,1
0158280,4,0
0158360,3,1
0158360,5,0
0158440,4,1
0158440,1,0
0158520,5,1
0158520,2,0
0158600,1,1
0158600,3,0
0158680,2,1
0158680,4,0
0158760,3,1
0158760,5,0
0158840,4,1
0158840,1,0
0158920,5,1
0158920,2,0
0159000,6,0
0159000,8,1
0159000,1,1
0159000,3,0
0159080,2,1
0159080,4,0
0159160,3,1
0159160,5,0
0159240,4,1
0159240,1,0
0159320,5,1
0159320,2,0
0159400,1,1
0159400,3,0
0159480,2,1
0159480,4,0
0159560,3,1
0159560,5,0
0159640,4,1
0159640,1,0
0159720,5,1
0159720,2,0
0159800,1,1
0159800,3,0
0159880,2,1
0159880,4,0
0159960,3,1
0159960,5,0
0160040,4,1
0160040,1,0
0160120,5,1
0160120,2,0
0160200,1,1
0160200,3,0
0160280,2,1
0160280,4,0
0160360,3,1
0160360,5,0
0160440,4,1
0160440,1,0
0160520,5,1
0160520,2,0
0160600,8,0
0160600,7,1
0160600,1,1
0160600,3,0
0160680,2,1
0160680,4,0
0160760,3,1
0160760,5,0
0160840,4,1
0160840,1,0
0160920,5,1
0160920,2,0
0161000,1,1
0161000,3,0
0161080,2,1
0161080,4,0
0161160,3,1
0161160,5,0
0161240,4,1
0161240,1,0
0161320,5,1
0161320,2,0
0161400,1,1
0161400,3,0
0161480,2,1
0161480,4,0
0161560,3,1
0161560,5,0
0161640,4,1
0161640,1,0
0161720,5,1
0161720,2,0
0161800,1,1
0161800,3,0
0161880,2,1
0161880,4,0
0161960,3,1
0161960,5,0
0162040,4,1
0162040,1,0
0162120,5,1
0162120,2,0
0162200,7,0
0162200,6,1
0162200,1,1
0162200,3,0
0162280,2,1
0162280,4,0
0162360,3,1
0162360,5,0
0162440,4,1
0162440,1,0
0162520,5,1
0162520,2,0
0162600,1,1
0162600,3,0
0162680,2,1
0162680,4,0
0162760,3,1
0162760,5,0
0162840,4,1
0162840,1,0
0162920,5,1
0162920,2,0
0163000,1,1
0163000,3,0
0163080,2,1
0163080,4,0
0163160,3,1
0163160,5,0
0163240,4,1
0163240,1,0
0163320,5,1
0163320,2,0
0163400,1,1
0163400,3,0
0163480,2,1
0163480,4,0
0163560,3,1
0163560,5,0
0163640,4,1
0163640,1,0
0163720,5,1
0163720,2,0
0163800,6,0
0163800,8,1
0163800,1,1
0163800,3,0
0163880,2,1
0163880,4,0
0163960,3,1
0163960,5,0
0164040,4,1
0164040,1,0
0164120,5,1
0164120,2,0
0164200,1,1
0164200,3,0
0164280,2,1
0164280,4,0
0164360,3,1
0164360,5,0
0164440,4,1
0164440,1,0
0164520,5,1
0164520,2,0
0164600,1,1
0164600,3,0
0164680,2,1
0164680,4,0
0164760,3,1
0164760,5,0
0164840,4,1
0164840,1,0
0164920,5,1
0164920,2,0
0165000,1,1
0165000,3,0
0165080,2,1
0165080,4,0
0165160,3,1
0165160,5,0
0165240,4,1
0165240,1,0
0165320,5,1
0165320,2,0
0165400,8,0
0165400,7,1
0165400,1,1
0165400,3,0
0165480,2,1
0165480,4,0
0165560,3,1
0165560,5,0
0165640,4,1
0165640,1,0
0165720,5,1
0165720,2,0
0165800,7,0
0165800,6,1
0165800,1,1
0165800,3,0
0165880,2,1
0165880,4,0
0165960,3,1
0165960,5,0
0166040,4,1
0166040,1,0
0166120,5,1
0166120,2,0
0166200,6,0
0166200,8,1
0166200,1,1
0166200,3,0
0166280,2,1
0166280,4,0
0166360,3,1
0166360,5,0
0166440,4,1
0166440,1,0
0166520,5,1
0166520,2,0
0166600,8,0
0166600,7,1
0166600,1,1
0166600,3,0
0166680,2,1
0166680,4,0
0166760,3,1
0166760,5,0
0166840,4,1
0166840,1,0
0166920,5,1
0166920,2,0
0167000,7,0
0167000,6,1
0167000,1,1
0167000,3,0
0167080,2,1
0167080,4,0
0167160,3,1
0167160,5,0
0167240,4,1
0167240,1,0
0167320,5,1
0167320,2,0
0167400,6,0
0167400,8,1
0167400,1,1
0167400,3,0
0167480,2,1
0167480,4,0
0167560,3,1
0167560,5,0
0167640,4,1
0167640,1,0
0167720,5,1
0167720,2,0
0167800,8,0
0167800,7,1
0167800,1,1
0167800,3,0
0167880,2,1
0167880,4,0
0167960,3,1
0167960,5,0
0168040,4,1
0168040,1,0
0168120,5,1
0168120,2,0
0168200,7,0
0168200,6,1
0168200,1,1
0168200,3,0
0168280,2,1
0168280,4,0
0168360,3,1
0168360,5,0
0168440,4,1
0168440,1,0
0168520,5,1
0168520,2,0
0168600,6,0
0168600,8,1
0168600,1,1
0168600,3,0
0168680,2,1
0168680,4,0
0168760,3,1
0168760,5,0
0168840,4,1
0168840,1,0
0168920,5,1
0168920,2,0
0169000,8,0
0169000,7,1
0169000,1,1
0169000,3,0
0169080,2,1
0169080,4,0
0169160,3,1
0169160,5,0
0169240,4,1
0169240,1,0
0169320,5,1
0169320,2,0
0169400,7,0
0169400,6,1
0169400,1,1
0169400,3,0
0169480,2,1
0169480,4,0
0169560,3,1
0169560,5,0
0169640,4,1
0169640,1,0
0169720,5,1
0169720,2,0
0169800,6,0
0169800,8,1
0169800,1,1
0169800,3,0
0169880,2,1
0169880,4,0
0169960,3,1
0169960,5,0
0170040,4,1
0170040,1,0
0170120,5,1
0170120,2,0
0170200,8,0
0170200,7,1
0170200,1,1
0170200,3,0
0170280,2,1
0170280,4,0
0170360,3,1
0170360,5,0
0170440,4,1
0170440,1,0
0170520,5,1
0170520,2,0
0170600,7,0
0170600,6,1
0170600,1,1
0170600,3,0
0170680,2,1
0170680,4,0
0170760,3,1
0170760,5,0
0170840,4,1
0170840,1,0
0170920,5,1
0170920,2,0
0171000,6,0
0171000,8,1
0171000,1,1
0171000,3,0
0171080,2,1
0171080,4,0
0171160,3,1
0171160,5,0
0171240,4,1
0171240,1,0
0171320,5,1
0171320,2,0
0171400,8,0
0171400,7,1
0171400,1,1
0171400,3,0
0171480,2,1
0171480,4,0
0171560,3,1
0171560,5,0
0171640,4,1
0171640,1,0
0171720,5,1
0171720,2,0
0171800,7,0
0171800,1,1
0171800,2,1
0171800,3,1
0171800,4,1
0171800,5,1
0171800,6,1
0171800,7,1
0171800,8,1
0172300,1,0
0172300,2,0
0172300,3,0
0172300,4,0
0172300,5,0
0172300,6,0
0172300,7,0
0172300,8,0
0172700,1,1
0172700,2,1
0172700,3,1
0172700,4,1
0172700,5,1
0172700,6,1
0172700,7,1
0172700,8,1
0173100,1,0
0173100,2,0
0173100,3,0
0173100,4,0
0173100,5,0
0173100,6,0
0173100,7,0
0173100,8,0
0173500,1,1
0173500,2,1
0173500,3,1
0173500,4,1
0173500,5,1
0173500,6,1
0173500,7,1
0173500,8,1
0174000,1,0
0174000,2,0
0174000,3,0
0174000,4,0
0174000,5,0
0174000,6,0
0174000,7,0
0174000,8,0
0174400,1,1
0174400,2,1
0174400,3,1
0174400,4,1
0174400,5,1
0174400,6,1
0174400,7,1
0174400,8,1
0174800,1,0
0174800,2,0
0174800,3,0
0174800,4,0
0174800,5,0
0174800,6,0
0174800,7,0
0174800,8,0
0175200,1,1
0175200,2,1
0175200,3,1
0175200,4,1
0175200,5,1
0175200,6,1
0175200,7,1
0175200,8,1
0175700,1,0
0175700,2,0
0175700,3,0
0175700,4,0
0175700,5,0
0175700,6,0
0175700,7,0
0175700,8,0
0176100,1,1
0176100,2,1
0176100,3,1
0176100,4,1
0176100,5,1
0176100,6,1
0176100,7,1
0176100,8,1
0176500,1,0
0176500,2,0
0176500,3,0
0176500,4,0
0176500,5,0
0176500,6,0
0176500,7,0
0176500,8,0
0176900,1,1
0176900,2,1
0176900,3,1
0176900,4,1
0176900,5,1
0176900,6,1
0176900,7,1
0176900,8,1
0177400,1,0
0177400,2,0
0177400,3,0
0177400,4,0
0177400,5,0
0177400,6,0
0177400,7,0
0177400,8,0
0177800,1,1
0177800,2,1
0177800,3,1
0177800,4,1
0177800,5,1
0177800,6,1
0177800,7,1
0177800,8,1
0178200,1,0
0178200,2,0
0178200,3,0
0178200,4,0
0178200,5,0
0178200,6,0
0178200,7,0
0178200,8,0
0178600,1,1
0178600,2,1
0178600,3,1
0178600,4,1
0178600,5,1
0178600,6,1
0178600,7,1
0178600,8,1
0181600,1,0
0181600,2,0
0181600,3,0
0181600,4,0
0181600,5,0
0181600,6,0
0181600,7,0
0181600,8,0
0181800,1,1
0181800,2,1
0181800,3,1
0181800,4,1
0181800,5,1
0181800,6,1
0181800,7,1
0181800,8,1
0182200,5,0
0182200,1,0
0182250,2,0
0182250,4,0
0182250,8,0
0182250,7,0
0182300,3,0
0182300,6,0
